2 0.685425 0.584578 0.122914 0.194472
2 0.170758 0.464638 0.123727 0.10384
2 0.628764 0.205495 0.0397216 0.064102
2 0.606643 0.36225 0.0549112 0.106691
2 0.566254 0.243281 0.0448864 0.0736487
3 0.524909 0.445241 0.028717 0.102576
2 0.463066 0.32964 0.0681833 0.0915272
2 0.65095 0.147772 0.028721 0.0534699
2 0.597788 0.164573 0.0328085 0.0568442
0 0.673978 0.314402 0.0453171 0.0668674
3 0.528577 0.319931 0.0204611 0.0772599
2 0.624405 0.111466 0.031214 0.0514413
2 0.641386 0.0719368 0.0254366 0.0398183
2 0.653806 0.0400641 0.0197323 0.0325379
2 0.669561 0.09176 0.0256475 0.0374727
2 0.683215 0.0364891 0.0189816 0.0341604
2 0.626165 0.046506 0.0219418 0.0359473
2 0.764451 0.0798918 0.0245913 0.0361762
0 0.172829 0.934694 0.0479979 0.126966
2 0.812057 0.100266 0.025696 0.0397436
3 0.157055 0.932706 0.0270119 0.115394
2 0.641566 0.029363 0.0191196 0.0317145
2 0.63447 0.0542331 0.0330428 0.0486607
2 0.992359 0.923954 0.0150719 0.13819
3 0.170074 0.934329 0.0485702 0.112833
3 0.886791 0.231344 0.012841 0.0556879
