2 0.827544 0.70435 0.167638 0.230052
2 0.599175 0.555986 0.100771 0.161509
2 0.611654 0.33841 0.0482465 0.0988952
2 0.52239 0.366846 0.0573973 0.108538
2 0.597316 0.165683 0.0369275 0.0597552
2 0.535471 0.211529 0.039963 0.0708718
3 0.78962 0.536356 0.0464788 0.112964
2 0.619595 0.240842 0.0434181 0.0691115
2 0.651849 0.050323 0.0237734 0.0385384
3 0.594086 0.443183 0.0250607 0.0874796
2 0.682565 0.0599197 0.0253617 0.0456785
2 0.654461 0.116858 0.0318502 0.0808492
2 0.652568 0.125264 0.0297525 0.0635164
2 0.654142 0.101205 0.0309484 0.0553748
3 0.0841209 0.422806 0.0220376 0.0895025
3 0.661718 0.285968 0.0128726 0.0711647
2 0.640331 0.0221122 0.0177183 0.0282648
2 0.810014 0.102167 0.0263363 0.0449803
2 0.65411 0.0935773 0.0282383 0.0411645
2 0.648584 0.0394486 0.0231536 0.034017
