2 0.330124 0.841548 0.141778 0.249982
3 0.519641 0.93471 0.0303413 0.123807
2 0.53094 0.39921 0.0568912 0.110719
3 0.0881896 0.799603 0.0774594 0.159572
2 0.333909 0.498559 0.112262 0.157277
2 0.469299 0.524699 0.0768435 0.147587
2 0.464406 0.208223 0.0400316 0.0600628
2 0.406144 0.181908 0.0356466 0.0617847
2 0.397272 0.291165 0.0518691 0.0956285
2 0.467413 0.29284 0.0472033 0.0831385
2 0.331253 0.106711 0.0277503 0.0512023
2 0.361018 0.18323 0.0334591 0.0583519
2 0.189779 0.099135 0.0251758 0.0405989
2 0.318828 0.0605131 0.0234385 0.0428524
2 0.355947 0.0648705 0.0268326 0.0453443
3 0.334059 0.235175 0.0137979 0.0656503
4 0.355557 0.0429294 0.0316381 0.0843521
2 0.354004 0.0202083 0.0320219 0.040018
2 0.355864 0.0578514 0.0307766 0.0580333
