2 0.717794 0.58094 0.137626 0.161776
2 0.620858 0.367824 0.0687422 0.14108
3 0.820838 0.863756 0.0790911 0.176216
2 0.648245 0.154951 0.033049 0.058189
2 0.618134 0.121964 0.0289772 0.0495567
3 0.567875 0.812825 0.0442493 0.170484
2 0.614499 0.254191 0.0474038 0.0787748
2 0.550371 0.275017 0.0506072 0.0969771
0 0.9652 0.378522 0.0409767 0.0800631
2 0.608865 0.199882 0.0344687 0.0537433
2 0.638603 0.080709 0.0258483 0.0429594
2 0.652847 0.0468165 0.0216131 0.0333595
2 0.667965 0.105933 0.0285261 0.0454179
2 0.680234 0.0669442 0.0226616 0.0430875
2 0.766166 0.102519 0.0293505 0.0449357
3 0.688765 0.161015 0.0132616 0.0561103
3 0.864193 0.195445 0.0127228 0.0588716
2 0.811159 0.100757 0.0266012 0.0404802
2 0.683709 0.0608675 0.0261323 0.0538195
2 0.668724 0.0183569 0.0206749 0.0342768
3 0.281371 0.306898 0.0143801 0.0670898
