2 0.341751 0.476847 0.0896905 0.142618
3 0.433067 0.286861 0.0181328 0.0787543
2 0.395843 0.258349 0.0432891 0.0692249
2 0.467816 0.352429 0.0487817 0.0958904
2 0.392164 0.146184 0.0327267 0.0509231
2 0.190397 0.0988908 0.0225513 0.0367365
2 0.440672 0.215652 0.0503668 0.0695844
2 0.341874 0.12173 0.0271411 0.0447863
3 0.425514 0.772324 0.051123 0.173087
2 0.356184 0.170181 0.0389596 0.0694392
2 0.365583 0.0856319 0.0258472 0.041932
2 0.342558 0.0339249 0.019722 0.0332174
2 0.323706 0.0834453 0.0236602 0.0430932
3 0.339614 0.284105 0.0146564 0.0659088
3 0.411213 0.812767 0.0241307 0.0944695
3 0.433518 0.2742 0.0189128 0.0714556
3 0.965995 0.588959 0.0251663 0.0860195
