2 0.248674 0.717076 0.15121 0.212559
2 0.337788 0.513845 0.0951684 0.16098
2 0.391774 0.384785 0.0736259 0.117328
2 0.397723 0.283459 0.0456209 0.0809181
2 0.430018 0.212797 0.0394865 0.0691231
2 0.379361 0.114309 0.0322861 0.0488986
3 0.766637 0.61062 0.0270553 0.13072
2 0.351271 0.174085 0.0421653 0.0799415
2 0.331773 0.0933368 0.0268515 0.0437146
2 0.189332 0.100563 0.024432 0.0407594
2 0.356897 0.0677963 0.0260722 0.0409614
2 0.320837 0.0569259 0.0196425 0.0466709
2 0.337172 0.0168632 0.0210641 0.0333058
3 0.773275 0.594706 0.0262089 0.0942749
