2 0.681806 0.76417 0.12347 0.225241
2 0.654283 0.498773 0.0857891 0.138537
2 0.537513 0.438643 0.0721609 0.140422
2 0.60511 0.315552 0.0508955 0.102793
2 0.441471 0.341578 0.0647634 0.0928193
2 0.638603 0.0729191 0.0270828 0.0446267
2 0.625126 0.215264 0.048484 0.0823539
3 0.585263 0.397306 0.025086 0.0915812
2 0.61691 0.128025 0.0315179 0.053111
3 0.173199 0.821313 0.0387548 0.117745
2 0.625867 0.0334358 0.0259258 0.0355471
2 0.654444 0.0384172 0.02271 0.036733
2 0.657394 0.129061 0.0345036 0.0591939
3 0.68774 0.247751 0.016291 0.0686744
2 0.809466 0.0992387 0.0222996 0.0362342
4 0.567587 0.182547 0.0666778 0.139341
2 0.567896 0.184767 0.0621075 0.140561
3 0.91349 0.277556 0.0158207 0.0581699
