2 0.786388 0.63495 0.135235 0.18135
2 0.233125 0.462354 0.152535 0.149409
2 0.623881 0.359109 0.0631489 0.14269
2 0.5573 0.260122 0.0465475 0.0856761
2 0.498965 0.264135 0.0494884 0.075796
2 0.527611 0.402178 0.0618118 0.131155
2 0.613403 0.13753 0.0329659 0.0535329
2 0.63366 0.21381 0.0392294 0.0684461
2 0.573621 0.128004 0.0318933 0.0536412
2 0.660512 0.129895 0.0288145 0.0512265
3 0.722277 0.508968 0.0413658 0.105018
2 0.674383 0.0793234 0.0253721 0.0412927
3 0.684254 0.238992 0.0139807 0.0573544
2 0.649639 0.0590276 0.0246896 0.0380793
2 0.810693 0.100675 0.0264641 0.0433129
2 0.683433 0.0453351 0.022777 0.0415109
2 0.638694 0.0863452 0.0243319 0.0411438
2 0.642209 0.0173579 0.0173562 0.0296432
2 0.658853 0.0339646 0.0175176 0.0274498
2 0.654276 0.0492444 0.0244305 0.0240879
2 0.628661 0.0982115 0.0275626 0.0513958
2 0.633584 0.0901707 0.0287949 0.0477303
