2 0.287553 0.605285 0.117031 0.187717
2 0.42108 0.623998 0.094532 0.172142
2 0.479534 0.406933 0.0585253 0.118225
2 0.388071 0.387488 0.0661879 0.124947
2 0.464944 0.279745 0.0435781 0.0773982
2 0.326502 0.094216 0.0267076 0.0434305
2 0.385426 0.243456 0.0428051 0.0748139
2 0.388226 0.141387 0.0334286 0.0583588
2 0.425328 0.207722 0.0382895 0.062103
2 0.361517 0.0794205 0.0239809 0.041149
2 0.317999 0.0512323 0.0210997 0.033619
2 0.348276 0.0495294 0.0223587 0.0410935
2 0.190814 0.100246 0.0242832 0.0406561
2 0.236016 0.0200232 0.020216 0.0352526
3 0.107573 0.281014 0.0127887 0.0557995
3 0.119328 0.279088 0.0112467 0.0596083
3 0.111704 0.279159 0.0148884 0.0624704
