4 0.880716 0.668279 0.238568 0.403618
2 0.621319 0.627305 0.10726 0.180502
2 0.64022 0.0729505 0.0282124 0.0426867
2 0.51547 0.381359 0.0546843 0.10939
2 0.531548 0.19364 0.0418318 0.0609686
2 0.555521 0.250486 0.0476056 0.0774906
2 0.665459 0.102951 0.0262512 0.0443005
2 0.635031 0.18177 0.0394599 0.06717
2 0.604012 0.290865 0.0409363 0.0821888
3 0.140868 0.851957 0.0280499 0.118751
3 0.213528 0.748267 0.0325336 0.127317
2 0.809835 0.0985768 0.0225765 0.0360817
3 0.177517 0.845242 0.040073 0.138753
3 0.669465 0.252431 0.0133519 0.0608711
3 0.669371 0.245612 0.0120474 0.0448575
