2 0.292155 0.554957 0.133564 0.186655
2 0.514344 0.289425 0.0537046 0.0994936
2 0.435506 0.248892 0.0438337 0.0707076
2 0.437718 0.438151 0.0727631 0.169354
2 0.190382 0.970841 0.152869 0.0583183
2 0.387336 0.332969 0.0490241 0.0936792
2 0.347906 0.158819 0.0290207 0.0511389
2 0.472774 0.217498 0.0393903 0.0651709
2 0.372342 0.211873 0.0444867 0.0775657
2 0.33188 0.105967 0.0334585 0.0563433
2 0.364528 0.0758328 0.0299425 0.0476998
2 0.312954 0.0501228 0.0232842 0.0378877
2 0.392347 0.133925 0.044181 0.0866029
2 0.190314 0.0988023 0.0247113 0.040878
2 0.347209 0.0377048 0.019284 0.0306324
3 0.308503 0.230182 0.0141035 0.0582691
2 0.36196 0.0143171 0.0204696 0.0282265
3 0.00874892 0.284066 0.0174978 0.111421
3 0.178677 0.172867 0.0124056 0.0587826
3 0.719103 0.299696 0.0146103 0.0675014
