2 0.56824 0.218998 0.0402044 0.0642586
3 0.959941 0.58963 0.0707546 0.100614
2 0.648342 0.160036 0.0333237 0.0553137
2 0.629839 0.207427 0.0370094 0.0654604
2 0.639614 0.0678685 0.0263075 0.0449844
2 0.597595 0.166089 0.035104 0.0580264
2 0.680699 0.067893 0.0205766 0.0436599
3 0.611455 0.428252 0.0215159 0.088645
2 0.604345 0.136684 0.0369535 0.0465847
2 0.809973 0.0986113 0.0252258 0.0409486
2 0.599881 0.156577 0.0394167 0.0737701
3 0.601508 0.238099 0.0153606 0.0623362
2 0.661804 0.124575 0.0265556 0.0396583
3 0.775783 0.163867 0.0143516 0.0561272
