3 0.0770118 0.72472 0.0707567 0.148142
2 0.499559 0.469531 0.0656549 0.131243
2 0.464012 0.193944 0.040884 0.0639053
2 0.44077 0.263551 0.0491508 0.0776893
2 0.44998 0.360065 0.0521005 0.097866
2 0.377948 0.242855 0.044101 0.0752636
2 0.383334 0.417025 0.0655487 0.107397
2 0.405141 0.166651 0.0342578 0.0601686
2 0.380612 0.117586 0.0310175 0.0530793
2 0.35097 0.141622 0.0322618 0.057214
2 0.363294 0.0858767 0.0231878 0.040139
2 0.31506 0.0534249 0.0235761 0.0369644
2 0.433115 0.137218 0.0319054 0.053195
2 0.410029 0.105462 0.0267967 0.0457478
2 0.334133 0.10477 0.0305191 0.0523019
2 0.396293 0.0669047 0.0237903 0.0441362
2 0.341004 0.108108 0.0286883 0.0554721
2 0.325393 0.0740768 0.0210649 0.0427785
2 0.191788 0.0987499 0.0233489 0.0401212
2 0.359933 0.0780083 0.0242047 0.0388298
2 0.346501 0.0464357 0.0240636 0.0327592
2 0.330732 0.0828035 0.0280076 0.0346909
2 0.351497 0.0608431 0.0234219 0.034808
2 0.339407 0.0200407 0.0264373 0.0354084
2 0.322527 0.0596424 0.0244722 0.0481941
2 0.349981 0.0536233 0.0231549 0.0434313
2 0.315832 0.0548242 0.029969 0.0418148
2 0.341983 0.0269313 0.0257148 0.0490455
