2 0.617716 0.717733 0.108222 0.20602
2 0.470171 0.591394 0.0856366 0.166212
2 0.69441 0.563554 0.0962961 0.162672
2 0.549693 0.503799 0.0705301 0.143989
2 0.623512 0.131143 0.0371355 0.0532665
2 0.629108 0.210333 0.0398039 0.0677503
2 0.581431 0.200869 0.0399168 0.0665171
2 0.66832 0.0892609 0.0252287 0.0438039
3 0.630258 0.257494 0.0180491 0.0697344
2 0.809701 0.0998262 0.0240273 0.0364516
0 0.416789 0.326813 0.0231895 0.0688401
2 0.679937 0.0506313 0.0241112 0.0431451
2 0.66497 0.0224977 0.0185795 0.0364107
2 0.701153 0.984334 0.146543 0.0308277
