0 0.894928 0.445805 0.210143 0.261421
2 0.577361 0.201816 0.0404902 0.0672984
2 0.613173 0.12989 0.0319275 0.0506435
2 0.776659 0.27079 0.0619863 0.0828903
2 0.634399 0.203978 0.0374118 0.068145
2 0.596216 0.1608 0.0294853 0.0475935
2 0.636964 0.0804181 0.0299803 0.0413783
2 0.659791 0.114923 0.0304209 0.0400921
3 0.636806 0.275669 0.0204033 0.0750803
2 0.628224 0.105523 0.0242418 0.0444766
2 0.645192 0.1671 0.0310764 0.0538943
2 0.810215 0.0978492 0.0223633 0.0363266
3 0.499862 0.906677 0.0493887 0.176101
2 0.684951 0.0514091 0.0228932 0.0310031
2 0.625882 0.112092 0.0272257 0.0533575
2 0.67509 0.0799667 0.0270731 0.0459133
2 0.649473 0.0488084 0.0233536 0.0348903
2 0.66857 0.0901237 0.0276451 0.0426808
0 0.540347 0.891928 0.0488345 0.209177
2 0.645112 0.0637335 0.026969 0.0404731
2 0.646192 0.0526943 0.0236223 0.0364131
3 0.536532 0.875591 0.0369415 0.180489
2 0.663631 0.00794172 0.0159704 0.0158834
2 0.678658 0.077009 0.023913 0.0445816
