2 0.728333 0.520667 0.108937 0.143262
2 0.551902 0.263437 0.045864 0.0745403
2 0.630187 0.167562 0.0316658 0.0573607
2 0.542169 0.443018 0.0680674 0.13644
2 0.605133 0.319832 0.0528083 0.102788
2 0.626771 0.234871 0.0427439 0.0732507
0 0.383626 0.361742 0.0335486 0.083546
2 0.624964 0.105777 0.0303509 0.0515119
2 0.655771 0.125468 0.031378 0.0600354
2 0.674224 0.0792625 0.0279285 0.0425479
2 0.644334 0.0667623 0.0252481 0.041344
2 0.810258 0.0984353 0.0229967 0.0387092
2 0.661139 0.0297757 0.0159605 0.0336467
2 0.732869 0.975706 0.144847 0.048587
2 0.687769 0.0376605 0.0168276 0.0278399
0 0.312586 0.325676 0.0244324 0.075954
0 0.377351 0.358327 0.0218454 0.0753691
3 0.313209 0.325337 0.0214252 0.0753508
2 0.669245 0.0105767 0.0175123 0.0209702
2 0.662947 0.0256864 0.0176327 0.0343947
3 0.308864 0.320952 0.0127578 0.0638556
