2 0.344007 0.741405 0.126036 0.221788
2 0.876959 0.469748 0.11724 0.0989912
2 0.449459 0.395536 0.057316 0.120775
3 0.321639 0.523137 0.03325 0.116279
2 0.362726 0.191749 0.0358869 0.0625478
2 0.0979814 0.88886 0.194512 0.222279
2 0.391663 0.284339 0.0455304 0.0811192
2 0.390937 0.146025 0.0329473 0.0592919
2 0.339289 0.126748 0.0282554 0.0538668
2 0.18996 0.100241 0.0250035 0.0412971
2 0.432153 0.238933 0.041703 0.0749974
2 0.368299 0.093282 0.0230876 0.0406438
2 0.325235 0.0900744 0.0266508 0.0473695
3 0.39137 0.188075 0.0138071 0.0629987
2 0.348493 0.0490913 0.0216489 0.0373085
2 0.364379 0.0853338 0.027986 0.0492804
2 0.36082 0.0738312 0.02753 0.0334043
2 0.345098 0.0385657 0.0187567 0.027574
2 0.317545 0.0573472 0.0246324 0.0415351
2 0.390469 0.131954 0.0275289 0.0429268
3 0.349255 0.288054 0.0143421 0.0765919
3 0.392661 0.184653 0.0222711 0.0629851
2 0.33377 0.0103813 0.0166614 0.0205116
2 0.316008 0.0519312 0.0240644 0.0442473
3 0.118345 0.243078 0.0151189 0.070859
