2 0.390636 0.294927 0.0423127 0.0894463
2 0.358732 0.195346 0.034529 0.0627339
2 0.476043 0.21853 0.0427671 0.0639849
2 0.520912 0.339596 0.0528629 0.0922881
2 0.450209 0.294977 0.0459295 0.0788013
3 0.0845369 0.94991 0.0619658 0.0995222
2 0.42296 0.211699 0.0373726 0.0655977
2 0.373756 0.105938 0.0273845 0.0445936
2 0.190295 0.0997617 0.0241614 0.0392552
2 0.394574 0.141684 0.0381729 0.0597547
2 0.333437 0.0998993 0.02651 0.0452891
2 0.358023 0.0685984 0.0263497 0.0470765
2 0.347343 0.136427 0.0298854 0.0538509
2 0.319427 0.0710206 0.0230484 0.0420922
3 0.903808 0.417146 0.0194857 0.0799544
3 0.307547 0.181229 0.0112763 0.0542222
2 0.395196 0.151433 0.038818 0.0468742
2 0.343455 0.0263465 0.0275045 0.0496182
2 0.353124 0.0645224 0.0276258 0.0508774
2 0.238761 0.0228827 0.028552 0.0379422
