2 0.600099 0.54566 0.10249 0.16485
2 0.514176 0.255372 0.0444466 0.0708178
2 0.634037 0.213488 0.0399648 0.0684509
2 0.613222 0.34375 0.0541534 0.101742
3 0.755273 0.56743 0.0448063 0.122129
2 0.56323 0.251118 0.0464588 0.0770852
2 0.652978 0.152395 0.0275997 0.0524859
3 0.831732 0.825468 0.0710905 0.170236
3 0.541908 0.372628 0.0241013 0.0870932
2 0.589927 0.187947 0.041679 0.0677513
3 0.309629 0.531768 0.0248647 0.116385
2 0.608447 0.141034 0.0344153 0.0573065
2 0.66036 0.112525 0.0257032 0.0397672
2 0.670296 0.0815166 0.0246428 0.0420907
3 0.098364 0.332932 0.0182692 0.0721182
2 0.633999 0.103762 0.021089 0.0475782
3 0.671824 0.286463 0.0143265 0.0690546
2 0.63872 0.0574495 0.0321222 0.0622201
2 0.680799 0.0549111 0.0239412 0.0412337
2 0.810141 0.0990461 0.0273775 0.0421373
2 0.659209 0.0314917 0.0193533 0.0312493
