2 0.550695 0.595108 0.0989498 0.182146
2 0.676638 0.503763 0.0925346 0.131045
2 0.696371 0.877307 0.164686 0.241146
2 0.427381 0.357184 0.0769337 0.109161
2 0.623926 0.235335 0.0411479 0.069046
2 0.529855 0.384741 0.053639 0.111962
0 0.674686 0.321824 0.0425119 0.0685016
3 0.908905 0.679711 0.067415 0.139978
2 0.554714 0.254752 0.0482328 0.0798229
2 0.646119 0.161978 0.0353292 0.0591936
2 0.601912 0.333614 0.0479119 0.094698
2 0.63907 0.0741071 0.028163 0.0451902
2 0.604346 0.154278 0.0362091 0.0619339
2 0.637701 0.039039 0.0246825 0.0368472
2 0.658074 0.116465 0.0269575 0.0454136
3 0.805588 0.328277 0.0157202 0.0821499
2 0.809927 0.0989892 0.0226885 0.0395412
2 0.674125 0.0736331 0.0260538 0.042894
3 0.727956 0.328876 0.0195089 0.0860801
0 0.728975 0.333934 0.0216204 0.0913903
2 0.682302 0.043238 0.017763 0.0314105
2 0.678231 0.0687319 0.0226089 0.0461245
2 0.671532 0.0777344 0.0270113 0.0391794
