2 0.236286 0.630318 0.14443 0.175076
2 0.358195 0.172114 0.0365014 0.0643636
2 0.447708 0.532977 0.0913241 0.189723
2 0.497098 0.298747 0.04905 0.0878778
0 0.0531827 0.386876 0.04497 0.0752089
2 0.377171 0.109357 0.0324361 0.0523783
2 0.410612 0.189633 0.039776 0.0649972
2 0.397407 0.36152 0.051761 0.104047
2 0.393541 0.260113 0.045218 0.0756727
2 0.189516 0.0991315 0.0265137 0.0406704
3 0.347389 0.280663 0.0146912 0.0755232
2 0.393206 0.0761819 0.0254071 0.0433057
2 0.335756 0.0179102 0.0178133 0.0356178
2 0.314899 0.0358525 0.0227387 0.0466461
3 0.00914161 0.310351 0.0150543 0.0688353
3 0.347735 0.284601 0.0194663 0.0819
