2 0.665499 0.7831 0.144966 0.239631
2 0.8372 0.645894 0.146154 0.16929
0 0.656069 0.301547 0.0327381 0.0788948
2 0.563972 0.232222 0.053846 0.083878
2 0.635939 0.201806 0.0367468 0.063944
2 0.546675 0.533148 0.0795958 0.157055
2 0.601773 0.40197 0.0589621 0.119607
2 0.641678 0.0639433 0.0255833 0.0401437
2 0.525358 0.350708 0.0575674 0.114652
2 0.661735 0.119373 0.0269571 0.0511849
2 0.619191 0.114684 0.0339014 0.0616821
2 0.672552 0.0719115 0.0280282 0.041448
2 0.664194 0.0174856 0.0219698 0.0348486
2 0.606495 0.293795 0.0458958 0.0869082
2 0.810249 0.0991206 0.0254982 0.0383318
3 0.688249 0.163979 0.0105566 0.0522828
