2 0.0881694 0.777352 0.176339 0.23776
2 0.295034 0.553564 0.107875 0.161442
2 0.430531 0.65287 0.115413 0.198567
2 0.457651 0.297458 0.0553534 0.0856312
2 0.37092 0.230009 0.0385409 0.066488
2 0.412737 0.341388 0.0498918 0.127074
2 0.351696 0.159084 0.0326132 0.0531896
2 0.189931 0.100211 0.0241808 0.0394576
2 0.380968 0.103983 0.0285783 0.0635273
2 0.401057 0.0704454 0.0241548 0.04171
2 0.359569 0.0701733 0.0243793 0.0416515
2 0.402594 0.174796 0.0402481 0.0629577
2 0.380778 0.119343 0.0271397 0.0500796
2 0.360198 0.061971 0.0265878 0.0533622
2 0.363594 0.050086 0.0222462 0.0342397
2 0.321815 0.0638653 0.0206277 0.0428377
2 0.339684 0.0289567 0.0194553 0.0335343
2 0.36709 0.066966 0.0348759 0.0457641
2 0.357755 0.0160016 0.0177717 0.0287382
2 0.338534 0.0257796 0.0222372 0.0430137
3 0.506588 0.165353 0.0131233 0.0537806
