2 0.537507 0.207009 0.0401016 0.0616206
2 0.587831 0.207012 0.0456706 0.0753322
2 0.635017 0.210269 0.0362513 0.0598135
3 0.962377 0.767083 0.0752459 0.134164
2 0.607518 0.147478 0.0306001 0.0498024
2 0.953242 0.909903 0.0929342 0.178131
2 0.664977 0.089278 0.0333423 0.0511446
2 0.647695 0.162649 0.0310546 0.0528808
2 0.648479 0.152641 0.0306513 0.0719028
2 0.809688 0.0988109 0.0248864 0.0397755
2 0.682469 0.047062 0.0224421 0.0357624
2 0.682181 0.0752873 0.0188918 0.0348575
2 0.66559 0.0846299 0.0290092 0.0393769
2 0.68332 0.0695638 0.0207381 0.0448178
2 0.682512 0.0571697 0.0227951 0.0551048
2 0.650883 0.133527 0.0272573 0.0427817
