2 0.909456 0.724588 0.149799 0.187285
2 0.643267 0.50305 0.0838581 0.131821
2 0.535164 0.467189 0.0674728 0.128882
2 0.600597 0.322085 0.0474783 0.0930526
2 0.585368 0.111145 0.0323166 0.0472228
2 0.732928 0.968517 0.141689 0.0629665
2 0.566351 0.214737 0.0504654 0.0815786
2 0.617308 0.118861 0.0330544 0.0606574
2 0.63672 0.208026 0.0358929 0.0676476
2 0.809815 0.0999866 0.0214332 0.0364858
2 0.65944 0.12451 0.027199 0.0500734
2 0.678481 0.0778784 0.0212325 0.0415694
3 0.306801 0.34792 0.0155081 0.0566316
3 0.633859 0.0632337 0.0100544 0.0422092
3 0.457287 0.215336 0.0140255 0.0605594
