2 0.245285 0.921307 0.15158 0.157386
2 0.4133 0.61852 0.0934917 0.183669
2 0.345687 0.503705 0.0797067 0.12862
2 0.384523 0.252448 0.0405737 0.0721297
2 0.530747 0.5119 0.0761974 0.157124
2 0.435153 0.382497 0.0600367 0.122922
2 0.441932 0.268095 0.0493151 0.0832687
3 0.0293135 0.819368 0.058627 0.125925
2 0.190159 0.100351 0.0245228 0.0382035
2 0.358729 0.189584 0.0340552 0.061366
2 0.409428 0.178905 0.0369519 0.0561739
2 0.339636 0.124629 0.0269546 0.0490722
2 0.362665 0.0835606 0.024416 0.0410379
2 0.384408 0.118857 0.0317571 0.0475125
2 0.3756 0.0422902 0.0253729 0.037024
3 0.807082 0.949649 0.0316647 0.100184
2 0.319218 0.0571504 0.0231262 0.0541254
2 0.338773 0.0258115 0.020962 0.0404372
2 0.356445 0.00944278 0.0165793 0.0186932
3 0.0193487 0.815104 0.0386974 0.118097
