2 0.340416 0.821528 0.130557 0.249964
2 0.378349 0.397572 0.0633277 0.116702
2 0.476478 0.407672 0.056491 0.120586
3 0.49284 0.698821 0.0351437 0.141668
2 0.351512 0.0465982 0.0262071 0.0413521
2 0.461072 0.285882 0.0475878 0.087605
2 0.411694 0.190536 0.0386833 0.0628071
2 0.388324 0.256273 0.0500141 0.0916186
2 0.33469 0.0994989 0.0288755 0.0499122
2 0.356082 0.151653 0.0324808 0.0629224
2 0.494964 0.239364 0.0493202 0.0755035
4 0.231324 0.647367 0.215414 0.34826
3 0.432434 0.56254 0.0311152 0.128364
2 0.365488 0.081638 0.0232426 0.0352847
2 0.189977 0.0985616 0.025764 0.0401784
2 0.315488 0.0424043 0.0247299 0.0416752
3 0.436559 0.661074 0.033036 0.133611
3 0.865001 0.488689 0.019709 0.0977814
3 0.6294 0.705224 0.0286654 0.128704
3 0.437745 0.679527 0.0322792 0.114075
2 0.361371 0.014925 0.0171462 0.0297728
2 0.363488 0.0775866 0.0257145 0.0434325
1 0.229818 0.663631 0.211109 0.310803
3 0.626274 0.725922 0.0362524 0.167365
4 0.23671 0.513155 0.223939 0.207774
