2 0.317203 0.464941 0.0908898 0.129443
2 0.433613 0.578138 0.0897317 0.148453
2 0.54936 0.346105 0.0663541 0.0979577
2 0.38744 0.267183 0.0441831 0.0771425
2 0.358924 0.179381 0.0328609 0.0620463
0 0.101363 0.345862 0.0388933 0.079635
2 0.190445 0.0987345 0.0243053 0.0383785
2 0.46782 0.353947 0.0543818 0.0933913
2 0.33643 0.11479 0.0272387 0.0535434
2 0.428681 0.230787 0.0410263 0.0748363
2 0.409089 0.184805 0.0355263 0.0590549
2 0.481622 0.225632 0.0469389 0.0809971
2 0.37183 0.108411 0.0255876 0.0427935
3 0.396764 0.121518 0.0125424 0.0493191
2 0.362761 0.0779221 0.0228371 0.0297243
2 0.322305 0.071081 0.0263849 0.042392
2 0.359734 0.0736099 0.0246604 0.0344343
2 0.348555 0.0423941 0.0242066 0.0375627
3 0.0704044 0.276241 0.0153445 0.061211
2 0.329382 0.0737053 0.0310003 0.0412022
3 0.376915 0.137031 0.0138062 0.0546093
2 0.354327 0.0571669 0.0223264 0.0280329
2 0.319593 0.0347315 0.0163673 0.0251023
3 0.719419 0.300803 0.0127777 0.0641254
2 0.336771 0.0850867 0.0217772 0.0303555
