2 0.324891 0.694619 0.140913 0.197449
2 0.31125 0.494836 0.0954506 0.134039
2 0.545039 0.508797 0.0657726 0.132326
2 0.453465 0.395566 0.0536085 0.112096
2 0.373081 0.104533 0.0283639 0.0478888
2 0.410047 0.185137 0.037661 0.0597188
2 0.349625 0.0472278 0.0258419 0.0440503
2 0.189599 0.100017 0.0282079 0.0430277
2 0.395552 0.307889 0.0484425 0.0950434
3 0.515511 0.36952 0.020587 0.0829333
2 0.366447 0.201281 0.0436918 0.0775514
3 0.424083 0.244836 0.0170966 0.0720397
2 0.339961 0.122859 0.0441652 0.0719605
3 0.528346 0.217558 0.0140796 0.0643186
3 0.691476 0.529769 0.0232492 0.0999752
2 0.316355 0.0488355 0.0220619 0.0376071
3 0.307358 0.214723 0.0135199 0.0558478
0 0.458771 0.915674 0.0433756 0.168116
2 0.344552 0.12759 0.0321516 0.0762984
