2 0.362707 0.586749 0.112596 0.167787
2 0.0459916 0.808841 0.0910471 0.226995
2 0.352433 0.456481 0.0776999 0.12279
2 0.37668 0.206656 0.0364876 0.0669674
2 0.381914 0.339696 0.0538055 0.111046
2 0.347599 0.147221 0.0302686 0.0582819
2 0.46438 0.414732 0.0644676 0.171208
2 0.190068 0.0994632 0.0250208 0.0396181
0 0.137214 0.315813 0.0200104 0.0655026
2 0.332011 0.10257 0.0275475 0.0448664
2 0.319293 0.0406514 0.0209975 0.034633
3 0.378004 0.260179 0.0147344 0.048628
0 0.162347 0.304524 0.0166453 0.0654721
0 0.00857215 0.323076 0.0171443 0.107798
3 0.162688 0.303934 0.0141329 0.0662277
