2 0.237318 0.607436 0.146923 0.216926
2 0.397691 0.658922 0.106913 0.18841
2 0.328042 0.0988547 0.0294123 0.0445965
2 0.456221 0.420932 0.0587379 0.123186
2 0.378463 0.2359 0.0422113 0.0632029
2 0.364004 0.0891465 0.029091 0.0441822
2 0.41589 0.189093 0.0449676 0.0765169
2 0.384218 0.340268 0.0707328 0.154625
3 0.315556 0.494293 0.0360457 0.104057
2 0.190781 0.0984078 0.0253487 0.0402438
3 0.678225 0.712233 0.0304013 0.120865
2 0.318432 0.0591852 0.0250868 0.0428929
2 0.349026 0.153037 0.0289631 0.0553633
3 0.525861 0.213145 0.0144657 0.0621665
