2 0.224401 0.728751 0.131735 0.208357
2 0.372623 0.476868 0.0779891 0.127626
2 0.471815 0.287414 0.0516162 0.0859353
2 0.362811 0.192051 0.0344807 0.0611124
2 0.395066 0.27669 0.0445968 0.0768905
2 0.387128 0.131259 0.0302885 0.0548124
2 0.415947 0.187033 0.0429022 0.0794754
2 0.428058 0.353161 0.0479151 0.0843416
2 0.324384 0.0870908 0.0256033 0.0429194
2 0.357756 0.0635955 0.0227 0.0391361
2 0.345045 0.134042 0.0310203 0.0664329
2 0.188093 0.122316 0.0487138 0.0674279
2 0.328431 0.0878992 0.0345315 0.0471107
3 0.483892 0.147174 0.0114748 0.0552818
0 0.751267 0.881922 0.497466 0.232604
