2 0.929855 0.703509 0.140289 0.22731
2 0.633499 0.193473 0.0412066 0.0763594
2 0.572687 0.210624 0.0406965 0.0668045
2 0.619457 0.0580912 0.0228396 0.0371739
3 0.847837 0.951802 0.0652321 0.0956255
2 0.80976 0.0992065 0.0221115 0.0367543
3 0.631267 0.121149 0.0127487 0.0493676
2 0.678922 0.070109 0.0206137 0.0374656
2 0.648508 0.152205 0.0319063 0.0507384
3 0.798796 0.171054 0.0184277 0.0596277
2 0.65752 0.111006 0.0271009 0.0393495
2 0.680881 0.0378629 0.0179165 0.026004
2 0.653361 0.136838 0.0298223 0.0691511
