2 0.63402 0.792076 0.124485 0.242919
2 0.543862 0.52134 0.072254 0.142613
2 0.617036 0.257793 0.0424957 0.0755381
2 0.563442 0.256225 0.0462135 0.0736641
2 0.926795 0.937822 0.14641 0.124275
2 0.637295 0.42661 0.0741289 0.117544
2 0.508216 0.240576 0.0493051 0.0793407
2 0.643444 0.158293 0.0332576 0.0591461
2 0.607179 0.112156 0.0406656 0.0895899
2 0.673498 0.084728 0.0280912 0.0441703
3 0.688031 0.217688 0.0133602 0.058937
2 0.809382 0.0993553 0.0245399 0.0391784
4 0.62407 0.0430837 0.0381403 0.0691733
2 0.682199 0.0540375 0.0180021 0.0323162
2 0.624342 0.0439713 0.0347661 0.0642371
2 0.67856 0.0765873 0.0217461 0.0441626
