2 0.178616 0.636049 0.134632 0.166903
2 0.308135 0.796881 0.136569 0.247991
2 0.392019 0.341979 0.0521914 0.0985135
2 0.472631 0.31634 0.0523336 0.105585
2 0.434326 0.459935 0.0706649 0.134516
2 0.512347 0.261633 0.0507974 0.104554
2 0.385706 0.24713 0.0420051 0.0746064
2 0.325823 0.0797321 0.0269156 0.0434018
2 0.427571 0.207723 0.0457867 0.0767797
2 0.189882 0.0987705 0.0251264 0.0394541
2 0.365645 0.0787991 0.0298661 0.0554929
2 0.364844 0.151525 0.0411804 0.0709609
1 0.960662 0.86615 0.0739685 0.267701
2 0.336115 0.0153757 0.0178807 0.0304854
3 0.405165 0.159231 0.0143378 0.0506553
