2 0.54992 0.294807 0.0424581 0.0783826
2 0.479036 0.340787 0.052413 0.0924015
2 0.523956 0.218319 0.0408749 0.0654037
2 0.609708 0.296743 0.043423 0.0873474
3 0.916405 0.950055 0.056934 0.0989162
2 0.642049 0.19772 0.033934 0.0590387
2 0.607154 0.141997 0.0400648 0.0631739
2 0.62685 0.107189 0.0260419 0.0474733
2 0.576239 0.21174 0.035385 0.065648
3 0.0951278 0.423388 0.0203148 0.0905906
2 0.642119 0.069847 0.0278471 0.0466262
2 0.652396 0.138018 0.0316868 0.0505053
2 0.666304 0.100205 0.0260853 0.0452167
3 0.682769 0.220389 0.0146109 0.0607222
2 0.80974 0.0994101 0.0232766 0.0377946
2 0.68104 0.0713047 0.0217583 0.038952
2 0.656386 0.0251161 0.027832 0.0495125
3 0.693796 0.181978 0.0120208 0.0548173
3 0.0946485 0.410885 0.0167536 0.0667873
2 0.761767 0.0227652 0.029212 0.038233
2 0.673302 0.0947561 0.0297328 0.0409548
2 0.655285 0.130633 0.0343047 0.0494051
2 0.663211 0.0961481 0.0252631 0.0567001
