2 0.393147 0.658424 0.107997 0.188831
2 0.418563 0.214316 0.0421596 0.0668703
2 0.0758906 0.952122 0.15121 0.0957563
2 0.488437 0.323441 0.0522133 0.0870676
0 0.328439 0.312914 0.0338493 0.0651924
2 0.367194 0.211766 0.033849 0.0626858
2 0.372424 0.0942402 0.0262023 0.0412576
2 0.401283 0.158898 0.0352979 0.0512908
2 0.354989 0.160068 0.0364476 0.0618943
2 0.338841 0.123678 0.0234061 0.0393406
3 0.776768 0.828127 0.0359005 0.124119
2 0.191424 0.0984635 0.0231555 0.0381984
3 0.824138 0.861376 0.0300121 0.117347
3 0.757785 0.373452 0.0193935 0.0835361
3 0.817733 0.863388 0.0305588 0.120063
3 0.770528 0.823948 0.0487682 0.122253
3 0.781952 0.822836 0.0282177 0.121452
3 0.760031 0.820872 0.0263765 0.109474
2 0.330283 0.0958351 0.0288267 0.0394541
0 0.335183 0.313471 0.0432035 0.0670339
3 0.766452 0.821916 0.0350512 0.11232
2 0.331529 0.0562727 0.0244907 0.0362356
2 0.334823 0.0986731 0.0277916 0.0467553
3 0.629972 0.32171 0.0149178 0.069409
2 0.327278 0.0558475 0.0247044 0.0341981
2 0.33607 0.0606733 0.0173692 0.0303593
