2 0.888066 0.739876 0.197851 0.26262
0 0.685297 0.29964 0.042789 0.0748083
2 0.625727 0.100623 0.0264599 0.0457196
2 0.662463 0.463419 0.0860762 0.121996
2 0.63886 0.199257 0.0372097 0.0630554
2 0.574187 0.21506 0.0425835 0.0697224
2 0.545665 0.370242 0.0484097 0.0993083
3 0.512091 0.487597 0.0258368 0.105444
0 0.749576 0.376777 0.0467503 0.07499
3 0.574171 0.566713 0.0335831 0.123613
2 0.664001 0.108272 0.0287092 0.0479457
3 0.776974 0.563454 0.0526047 0.12846
2 0.522743 0.20065 0.0540825 0.101
2 0.609158 0.15246 0.03287 0.0528976
2 0.612345 0.280778 0.0459681 0.110644
2 0.644762 0.0693887 0.0238581 0.0355185
2 0.809075 0.0990225 0.0239594 0.038346
2 0.650637 0.0438298 0.0218618 0.0296585
3 0.467962 0.951478 0.0600596 0.0970433
2 0.647382 0.0674709 0.0261503 0.0434557
2 0.676564 0.0726732 0.021839 0.0412621
2 0.681894 0.0475588 0.0192822 0.0307834
2 0.680685 0.052602 0.0202868 0.0372172
2 0.648602 0.0573078 0.0272648 0.0553043
3 0.491984 0.159965 0.0138195 0.0517836
