2 0.855109 0.881398 0.184735 0.235896
2 0.738935 0.548958 0.109272 0.17635
2 0.642487 0.180117 0.0355061 0.0597716
2 0.595371 0.489416 0.0915815 0.129396
2 0.525825 0.330252 0.0493786 0.0944002
2 0.610411 0.139128 0.0360809 0.0591734
2 0.597332 0.370432 0.0489592 0.104595
2 0.650798 0.0550664 0.0224478 0.0344309
2 0.614389 0.262126 0.05147 0.0852097
2 0.630031 0.0953302 0.0268138 0.0431147
2 0.660728 0.117656 0.0296705 0.0546051
0 0.385172 0.361599 0.0373254 0.0818295
3 0.67643 0.267099 0.014275 0.0687623
2 0.678201 0.0732627 0.0216068 0.0438748
2 0.810176 0.0982781 0.022497 0.0376791
3 0.207582 0.922675 0.0349093 0.153045
2 0.661568 0.0196292 0.0195847 0.0371116
2 0.686416 0.0418824 0.0157137 0.0266959
3 0.220754 0.324531 0.0163745 0.0666888
2 0.663556 0.0110903 0.0190493 0.0221123
