0 0.713134 0.728844 0.100213 0.125139
3 0.327557 0.262157 0.0461869 0.170093
3 0.315815 0.109217 0.0515403 0.149592
2 0.619205 0.086514 0.114279 0.173028
3 0.502051 0.199347 0.0381144 0.154113
2 0.479282 0.0843001 0.139966 0.167259
3 0.611064 0.244276 0.0485641 0.151327
0 0.577164 0.529155 0.0527548 0.192375
3 0.620916 0.245037 0.0319008 0.147155
3 0.577865 0.528913 0.0511396 0.194637
3 0.552817 0.212129 0.0337324 0.140374
1 0.480121 0.0820213 0.141212 0.164043
3 0.466102 0.923322 0.0515126 0.153327
3 0.490738 0.199099 0.0245077 0.159376
3 0.585349 0.507429 0.0334623 0.149781
