2 0.354524 0.0892387 0.120258 0.178477
2 0.493479 0.0710646 0.110193 0.139119
2 0.609883 0.15652 0.105303 0.192628
3 0.406934 0.237358 0.057818 0.147216
3 0.447022 0.373283 0.0425179 0.197863
2 0.659278 0.0413723 0.0875632 0.0824636
3 0.0102724 0.131358 0.0205448 0.143945
3 0.957469 0.479623 0.0398403 0.129892
3 0.412326 0.224952 0.0464155 0.125427
3 0.749866 0.110071 0.0304861 0.0713586
3 0.449723 0.348677 0.0349331 0.158172
3 0.748734 0.0954686 0.0383071 0.111109
3 0.435738 0.419245 0.0269198 0.108058
3 0.44706 0.332997 0.0372935 0.118371
