2 0.568554 0.176293 0.12993 0.208504
0 0.712738 0.727895 0.0992 0.127099
2 0.358743 0.0784547 0.117991 0.156909
2 0.486324 0.0806977 0.16085 0.15933
3 0.587057 0.333339 0.0419699 0.169583
3 0.888143 0.228471 0.0292179 0.118775
3 0.585658 0.0383727 0.030746 0.0767455
1 0.487294 0.0799698 0.16228 0.15994
0 0.505423 0.709085 0.0422782 0.170805
3 0.592747 0.321179 0.035009 0.144327
3 0.889856 0.215518 0.0245903 0.0893514
3 0.50666 0.707558 0.0367842 0.170772
2 0.668301 0.00934019 0.0747609 0.0186804
