0 0.287724 0.729915 0.101462 0.129509
2 0.376674 0.0913406 0.123189 0.182681
2 0.47728 0.0467586 0.100528 0.0925319
3 0.389467 0.354228 0.049154 0.160272
2 0.934972 0.909465 0.130056 0.181071
2 0.612147 0.757816 0.161324 0.321991
2 0.606688 0.70059 0.162434 0.424287
0 0.334726 0.380222 0.040494 0.188966
3 0.857136 0.209955 0.0282171 0.119744
2 0.617936 0.799553 0.146542 0.236699
0 0.339158 0.399368 0.0461562 0.241604
3 0.332825 0.368347 0.0277452 0.161475
0 0.332986 0.368297 0.0301341 0.16054
3 0.858691 0.191195 0.0293098 0.134745
