1 0.791602 0.235471 0.114656 0.245255
3 0.0413193 0.4031 0.082282 0.12336
2 0.883261 0.949596 0.13211 0.100808
2 0.385734 0.627317 0.121375 0.184482
2 0.916718 0.804489 0.0964304 0.162758
2 0.789779 0.0570742 0.0485881 0.0751235
1 0.719649 0.14248 0.115998 0.214105
2 0.534183 0.401131 0.0791218 0.11529
3 0.166913 0.404027 0.0634533 0.118197
3 0.51119 0.630839 0.034001 0.157027
3 0.757413 0.808714 0.0384995 0.164834
3 0.925598 0.480173 0.0244167 0.110776
3 0.950395 0.493713 0.0237312 0.104209
0 0.819154 0.81821 0.0421116 0.0649898
3 0.167352 0.424336 0.0593458 0.0794924
2 0.719668 0.144593 0.114488 0.216882
