2 0.116875 0.949586 0.134207 0.100828
2 0.511826 0.741434 0.119972 0.192052
2 0.0822811 0.805036 0.0923276 0.172284
2 0.277803 0.191222 0.0578337 0.085763
2 0.187218 0.0293915 0.0438706 0.058783
2 0.129978 0.46859 0.118342 0.127013
2 0.154874 0.0989453 0.0515878 0.0785759
3 0.625984 0.618903 0.0355108 0.15289
2 0.268426 0.0250574 0.0441014 0.0501149
3 0.980376 0.73416 0.0363579 0.170996
2 0.281182 0.0525624 0.0455469 0.0664231
3 0.0627292 0.50946 0.0389839 0.124061
3 0.939658 0.440955 0.0248819 0.0745016
3 0.616433 0.322408 0.0221924 0.101367
2 0.274878 0.0379132 0.054257 0.0727231
3 0.988816 0.256144 0.0221233 0.126658
0 0.626672 0.618521 0.0341492 0.152631
3 0.0629005 0.0315805 0.0221112 0.0621864
3 0.0647124 0.494511 0.0449259 0.0927973
2 0.0224549 0.905899 0.0449098 0.182911
