1 0.238895 0.304561 0.141964 0.27032
1 0.66094 0.85333 0.222484 0.293339
2 0.118714 0.949353 0.133773 0.101294
1 0.38342 0.669847 0.201264 0.3627
2 0.599797 0.597582 0.102013 0.153262
2 0.0830232 0.804978 0.0908977 0.166728
2 0.138084 0.0297226 0.0439931 0.0592148
2 0.31357 0.274102 0.0591068 0.0970461
2 0.272507 0.17353 0.0490293 0.0825206
3 0.412158 0.359156 0.0310426 0.11821
3 0.0441941 0.705281 0.0295437 0.105573
3 0.0596622 0.234132 0.0170547 0.0749914
2 0.673204 0.697803 0.0902913 0.0814251
3 0.0455537 0.024573 0.018194 0.0490367
3 0.161449 0.394984 0.0212687 0.0977181
2 0.0153872 0.0531324 0.0307744 0.051194
2 0.176103 0.203828 0.0538849 0.104718
3 0.244334 0.00783714 0.0171286 0.0155355
