1 0.245626 0.144092 0.114969 0.217437
2 0.117378 0.949226 0.133395 0.101547
2 0.0828039 0.804578 0.0931665 0.168282
2 0.440122 0.330653 0.0738035 0.105485
2 0.244132 0.353234 0.0700265 0.108185
3 0.556237 0.501376 0.0321491 0.133546
2 0.312647 0.266753 0.0665947 0.08899
2 0.332772 0.322826 0.0683196 0.100825
2 0.169458 0.15367 0.046263 0.0735787
3 0.155369 0.458162 0.0645384 0.118424
2 0.402813 0.269815 0.0686084 0.0965535
3 0.557695 0.670977 0.0350256 0.147106
3 0.288799 0.304945 0.0279975 0.103773
3 0.489327 0.59456 0.0357023 0.15075
3 0.435398 0.646654 0.0322701 0.146212
3 0.721802 0.63054 0.0395313 0.145294
2 0.145657 0.0631306 0.047282 0.0800304
3 0.47489 0.50653 0.0276896 0.114012
2 0.155015 0.0990089 0.0469242 0.0698603
2 0.381579 0.219837 0.0639278 0.0940607
2 0.146115 0.0526347 0.0409974 0.0592836
3 0.434977 0.625111 0.0297575 0.106564
3 0.535759 0.28908 0.0272392 0.107874
2 0.0197532 0.906199 0.0395064 0.183237
0 0.558264 0.673532 0.0343224 0.150311
3 0.989199 0.258465 0.0214546 0.122046
2 0.149049 0.0754083 0.0521645 0.0810098
3 0.761871 0.719383 0.0349997 0.161793
3 0.162627 0.461972 0.0486327 0.109204
