2 0.117435 0.949564 0.134108 0.100872
2 0.448287 0.366618 0.0751289 0.108263
2 0.793494 0.938461 0.140943 0.123079
2 0.401604 0.490438 0.0849367 0.134792
2 0.581674 0.59804 0.0978378 0.142474
2 0.0817267 0.804835 0.0936582 0.168498
3 0.612734 0.898948 0.0478238 0.200457
0 0.795437 0.449099 0.0427391 0.104241
3 0.936663 0.38735 0.0734556 0.12066
2 0.070208 0.483701 0.140416 0.12868
2 0.377242 0.251013 0.0739476 0.102448
2 0.265794 0.030598 0.0489188 0.061196
2 0.141187 0.0159253 0.0569012 0.0318507
3 0.338439 0.358236 0.0283126 0.116817
3 0.61992 0.330054 0.0216391 0.101236
3 0.109083 0.121844 0.0170221 0.0792652
2 0.326727 0.147714 0.0487675 0.0790707
2 0.0231156 0.906306 0.0462019 0.18278
2 0.0423584 0.906041 0.0845002 0.183831
2 0.0181637 0.0739687 0.0361681 0.0936744
3 0.00889789 0.133196 0.0177958 0.0842078
