2 0.88264 0.949981 0.133555 0.100039
2 0.445623 0.818352 0.114189 0.184434
1 0.708824 0.451605 0.15055 0.33429
2 0.789532 0.026355 0.0467237 0.0522203
2 0.918279 0.801547 0.098411 0.169267
3 0.0988989 0.373394 0.0734293 0.117929
2 0.626935 0.213153 0.060433 0.0886135
3 0.855562 0.409731 0.0201035 0.112921
1 0.804299 0.166688 0.0989574 0.208763
3 0.366314 0.673436 0.037341 0.155384
3 0.554705 0.702329 0.0381398 0.154604
2 0.849746 0.0786069 0.0438908 0.0705282
2 0.77102 0.0876996 0.0453218 0.0752758
3 0.609475 0.419975 0.0580761 0.11742
3 0.598154 0.418861 0.0356468 0.118213
0 0.205092 0.458458 0.0375407 0.11348
0 0.207836 0.453582 0.0265305 0.104895
3 0.309873 0.442505 0.0885075 0.125996
2 0.803881 0.166261 0.0969082 0.202889
0 0.188974 0.463234 0.0428333 0.10297
0 0.309788 0.442286 0.089089 0.1261
3 0.0898361 0.367281 0.0539689 0.119955
3 0.14462 0.446305 0.0289819 0.122365
0 0.142908 0.450711 0.0372028 0.129366
3 0.55172 0.71939 0.0368732 0.0953117
3 0.180548 0.465359 0.0208026 0.0888748
3 0.595421 0.408419 0.0262806 0.0981962
