1 0.164453 0.0825379 0.0844062 0.163263
2 0.582287 0.902451 0.126494 0.190504
2 0.120643 0.946383 0.133306 0.107235
2 0.236326 0.107281 0.041002 0.0727526
2 0.0825359 0.798263 0.0925085 0.168198
2 0.41802 0.465276 0.0849962 0.131331
2 0.49637 0.719575 0.106262 0.174506
2 0.308907 0.305457 0.0711522 0.112068
2 0.262327 0.154444 0.0612117 0.111839
3 0.944786 0.388001 0.0844082 0.121567
2 0.0632803 0.481436 0.12371 0.10837
2 0.297489 0.0544222 0.0634965 0.106327
3 0.841439 0.936589 0.0541199 0.12663
2 0.681253 0.983341 0.130575 0.0327122
2 0.220764 0.0645503 0.0462557 0.0682849
2 0.216608 0.0311604 0.0585453 0.0619948
2 0.218539 0.048862 0.05099 0.085923
3 0.988841 0.25166 0.022023 0.115804
2 0.025091 0.903488 0.050182 0.189743
