1 0.3691 0.604105 0.197731 0.415977
2 0.081325 0.796309 0.0894647 0.164981
2 0.118692 0.945938 0.141988 0.108123
2 0.195416 0.138693 0.0539174 0.0756535
2 0.274586 0.192041 0.0573196 0.0836227
2 0.261358 0.029357 0.0486823 0.058714
2 0.186063 0.0175677 0.0432171 0.0351355
3 0.935345 0.372308 0.0712139 0.123497
3 0.271555 0.0843358 0.0210712 0.0812467
3 0.188964 0.0620409 0.0207432 0.0741097
3 0.395223 0.248224 0.0263158 0.104106
3 0.142334 0.050406 0.0194606 0.0759294
3 0.96288 0.415858 0.0726213 0.104513
3 0.0105172 0.119154 0.0208059 0.0797001
2 0.0233611 0.0617446 0.0467223 0.0889398
2 0.0237047 0.902978 0.0474094 0.189452
