2 0.115376 0.949677 0.13593 0.100646
2 0.643077 0.716824 0.108786 0.170201
2 0.0818627 0.804363 0.0942561 0.168667
1 0.282794 0.440487 0.1637 0.293361
3 0.0794837 0.60468 0.0268458 0.12175
1 0.451031 0.868998 0.160413 0.262004
3 0.434826 0.449383 0.0302458 0.12725
2 0.311399 0.130859 0.0530542 0.06951
3 0.505021 0.619593 0.0319406 0.146653
3 0.957323 0.422104 0.0298096 0.107392
3 0.0415427 0.610048 0.0269869 0.133181
2 0.448343 0.866083 0.160051 0.267835
2 0.0170331 0.0746698 0.0340662 0.0981161
2 0.0297579 0.906314 0.0595143 0.182764
3 0.938144 0.425664 0.0206602 0.0985853
