2 0.883169 0.949734 0.132222 0.100531
2 0.466864 0.770731 0.112327 0.185048
2 0.918228 0.801942 0.095994 0.166117
2 0.762617 0.108644 0.0498209 0.0729377
2 0.573371 0.319925 0.0727968 0.102677
2 0.698679 0.0825388 0.0504998 0.0707763
2 0.602708 0.242386 0.0668438 0.0915926
2 0.789322 0.223959 0.056148 0.0916832
3 0.107692 0.396301 0.0767349 0.097451
2 0.844686 0.0978971 0.0499809 0.0732715
2 0.737527 0.0229012 0.0469742 0.0455855
2 0.818325 0.0165119 0.0443768 0.0330237
3 0.923466 0.440263 0.0280949 0.110887
0 0.40723 0.377625 0.0212651 0.106508
3 0.351627 0.338351 0.0275301 0.110061
0 0.412187 0.380815 0.0289957 0.111889
3 0.730891 0.979032 0.0367479 0.0417128
3 0.0338588 0.380866 0.0675947 0.165977
