2 0.116936 0.949789 0.131672 0.100423
2 0.0822237 0.805141 0.0919581 0.168165
2 0.207734 0.202684 0.0657211 0.0927431
2 0.300774 0.250747 0.0624479 0.0902632
2 0.234769 0.110882 0.0531655 0.0713918
2 0.196075 0.0281939 0.0599135 0.0563877
3 0.0448218 0.321142 0.0194814 0.0993505
3 0.921253 0.374319 0.0663391 0.11632
0 0.532723 0.353347 0.0245008 0.121999
3 0.229628 0.412581 0.0332828 0.12016
3 0.953115 0.412401 0.09167 0.115071
3 0.0675775 0.324249 0.020535 0.0942077
2 0.0151371 0.070661 0.0302743 0.0873041
2 0.0243953 0.906592 0.0486987 0.182546
3 0.953434 0.408666 0.042308 0.110769
