2 0.883142 0.949504 0.132263 0.100993
1 0.848726 0.0752923 0.0800097 0.149578
2 0.916762 0.804233 0.0943295 0.162485
2 0.760436 0.368452 0.0758563 0.108697
2 0.675659 0.30713 0.0769257 0.116492
2 0.581051 0.300281 0.0810545 0.122612
2 0.80217 0.251048 0.0621121 0.102571
0 0.0598089 0.411293 0.0268854 0.115924
2 0.602286 0.252565 0.0507021 0.0727877
2 0.642817 0.202248 0.0652393 0.0770438
2 0.765184 0.133324 0.0339987 0.0967961
2 0.710999 0.22825 0.0793154 0.100689
3 0.058896 0.409044 0.027608 0.114582
3 0.536297 0.0287394 0.0280822 0.056947
3 0.927283 0.177185 0.0192997 0.0871592
2 0.929159 0.350211 0.140872 0.144608
