2 0.784124 0.913645 0.155745 0.172711
2 0.121862 0.948072 0.135707 0.103857
2 0.44815 0.363557 0.0711326 0.106054
2 0.0828476 0.804122 0.0929498 0.173265
2 0.289798 0.224098 0.0638791 0.0903511
2 0.255464 0.141832 0.0606383 0.0870133
2 0.308652 0.298433 0.0679459 0.0979039
2 0.197546 0.0238498 0.0493185 0.0476875
3 0.612862 0.765321 0.0381802 0.174692
3 0.617127 0.332478 0.0227097 0.114388
3 0.0670572 0.418123 0.0240146 0.100561
3 0.50535 0.746736 0.0399799 0.184028
2 0.0172583 0.0744876 0.0345166 0.0956044
3 0.25728 0.063649 0.0178358 0.0608849
3 0.0123002 0.128062 0.0239099 0.0837045
3 0.302824 0.073 0.0172819 0.070043
3 0.988518 0.256594 0.022662 0.132068
