2 0.882686 0.948736 0.132103 0.102528
3 0.0655705 0.364614 0.0742757 0.117035
2 0.338586 0.743906 0.116124 0.171635
2 0.917447 0.803554 0.0916172 0.164112
2 0.704366 0.0857591 0.0507215 0.0693862
3 0.867214 0.685943 0.0297558 0.13091
0 0.466664 0.355713 0.0369199 0.107374
3 0.479695 0.708559 0.0349903 0.135252
3 0.558978 0.564106 0.0354651 0.118757
3 0.410047 0.292733 0.0212965 0.0985508
0 0.469655 0.353487 0.0267285 0.103355
3 0.0307645 0.407991 0.0615291 0.122691
3 0.422916 0.35325 0.024408 0.10287
3 0.0438363 0.37483 0.0870148 0.119419
