1 0.179135 0.135637 0.0950091 0.207427
2 0.11696 0.949754 0.134943 0.100491
2 0.756211 0.905714 0.137008 0.184848
2 0.443269 0.358348 0.07504 0.107936
2 0.0806201 0.805415 0.0888934 0.169485
2 0.688156 0.785905 0.103799 0.167577
2 0.291286 0.23727 0.0579325 0.0904374
2 0.413586 0.289824 0.0705494 0.0980295
2 0.647228 0.679196 0.101702 0.176319
2 0.339551 0.34588 0.0840174 0.107893
2 0.25049 0.386167 0.0662583 0.108992
2 0.606074 0.6082 0.0799915 0.124314
2 0.849806 0.973343 0.143428 0.0533134
2 0.283036 0.173006 0.054715 0.0710696
3 0.510661 0.595466 0.0326237 0.151364
3 0.130581 0.761963 0.0361214 0.14617
2 0.316484 0.280607 0.0565058 0.0872034
3 0.499364 0.743088 0.0363836 0.157894
3 0.978786 0.660432 0.034483 0.123119
2 0.216662 0.311551 0.0650957 0.0954612
2 0.208916 0.26049 0.0482901 0.0746136
3 0.0176329 0.523263 0.0312318 0.107437
3 0.357292 0.286383 0.0215201 0.0647366
3 0.303484 0.0576686 0.0208202 0.0696755
3 0.293629 0.346127 0.0239764 0.0974582
