1 0.169979 0.121483 0.100113 0.208709
2 0.116567 0.949796 0.136582 0.100409
2 0.0826622 0.805667 0.0938806 0.168157
2 0.430445 0.364642 0.0667804 0.108862
2 0.243971 0.374765 0.0743257 0.11288
2 0.315788 0.302143 0.0670443 0.103133
2 0.267085 0.181797 0.056265 0.103411
2 0.291577 0.241854 0.0750264 0.106586
3 0.533533 0.453052 0.0312892 0.127722
2 0.244532 0.121121 0.0488852 0.0741965
3 0.352216 0.427284 0.028898 0.118996
3 0.175372 0.826893 0.0332019 0.147104
2 0.265651 0.165509 0.0541627 0.0719289
3 0.273164 0.0370549 0.0222911 0.0718766
3 0.683177 0.307308 0.0221333 0.10694
2 0.0448582 0.35789 0.0892144 0.110756
2 0.219674 0.0718422 0.0380333 0.047682
0 0.335042 0.118862 0.0213898 0.0743997
3 0.188629 0.016443 0.0205917 0.0326342
3 0.334741 0.119067 0.0213858 0.0757172
3 0.269409 0.0331073 0.0295401 0.0660527
