2 0.61516 0.668321 0.106876 0.156938
2 0.0811756 0.803576 0.0902974 0.171258
1 0.381271 0.631083 0.19058 0.36198
2 0.116212 0.949347 0.137868 0.101305
3 0.47902 0.50383 0.0338104 0.134036
3 0.338326 0.318312 0.0268981 0.105623
2 0.194179 0.203943 0.0582511 0.0867233
3 0.418797 0.332313 0.0272981 0.111107
2 0.24631 0.0190996 0.0413127 0.0381743
2 0.383947 0.40527 0.0802766 0.0984815
3 0.226171 0.372443 0.0268696 0.108266
3 0.614705 0.326068 0.0232182 0.110623
3 0.181096 0.580493 0.0237895 0.113532
3 0.414195 0.462835 0.0322668 0.104101
2 0.8539 0.982471 0.134695 0.034746
3 0.730312 0.408498 0.0227545 0.114762
3 0.225018 0.0719938 0.0184714 0.0660492
2 0.0191801 0.0319274 0.0380635 0.0638547
2 0.852258 0.981298 0.179644 0.0373634
3 0.614949 0.191624 0.0207582 0.0892514
