2 0.882698 0.950231 0.131634 0.0995372
2 0.38032 0.934453 0.126249 0.131095
2 0.471587 0.542988 0.0924966 0.137915
2 0.673634 0.309804 0.069273 0.106609
2 0.917021 0.804928 0.0954876 0.163252
0 0.32742 0.447574 0.0628863 0.12538
2 0.737898 0.159359 0.0526983 0.0791913
3 0.0989526 0.37567 0.0742264 0.120594
0 0.31511 0.442772 0.0894488 0.128533
2 0.753832 0.117741 0.0509912 0.0757316
2 0.88813 0.202151 0.105044 0.0993408
0 0.368588 0.510616 0.0289327 0.122836
2 0.986775 0.0452599 0.0264505 0.0644964
3 0.088299 0.371018 0.0521253 0.120021
2 0.982421 0.0389549 0.0351589 0.075863
3 0.370114 0.506795 0.0265999 0.125543
2 0.868979 0.199874 0.054874 0.0929048
