1 0.847753 0.0783287 0.0868591 0.154809
2 0.882384 0.949834 0.133564 0.100333
2 0.917364 0.80425 0.0936203 0.162774
2 0.513532 0.436166 0.086449 0.116972
3 0.931075 0.63628 0.0321173 0.132509
3 0.512763 0.757141 0.0403681 0.167319
2 0.171454 0.97331 0.138198 0.0533804
3 0.0379751 0.399711 0.0674933 0.115882
3 0.72309 0.167883 0.0232987 0.089656
3 0.767165 0.311072 0.0270392 0.109069
3 0.510851 0.568331 0.0337515 0.132255
3 0.766966 0.0471854 0.0186169 0.0758175
2 0.760688 0.00917416 0.0433485 0.0183483
3 0.100765 0.419461 0.0860987 0.121115
3 0.0515752 0.796702 0.0303745 0.133638
0 0.058077 0.824393 0.0449817 0.18482
0 0.063833 0.890357 0.0630593 0.0495075
3 0.80024 0.0573103 0.0187759 0.0733176
