1 0.217472 0.272811 0.143739 0.265419
2 0.565777 0.863752 0.111388 0.191138
2 0.116748 0.950041 0.135549 0.0999186
2 0.0815995 0.805965 0.0916353 0.166227
3 0.38579 0.615198 0.0332764 0.139027
2 0.317843 0.281944 0.078461 0.131947
3 0.139696 0.693889 0.0285085 0.147183
2 0.271739 0.165128 0.0521134 0.0742919
3 0.477355 0.443438 0.0312151 0.114363
2 0.22336 0.102751 0.0428007 0.0674952
3 0.410872 0.25329 0.0236815 0.0995123
2 0.239709 0.124547 0.0550306 0.0657424
2 0.217401 0.103884 0.0681189 0.071379
3 0.700104 0.314449 0.0240143 0.106625
3 0.988853 0.259838 0.0219646 0.12682
3 0.010823 0.141429 0.0216459 0.0939857
3 0.181535 0.117377 0.017413 0.0509097
2 0.170288 0.466174 0.135022 0.125888
2 0.0164155 0.0700227 0.032831 0.0808109
