2 0.121277 0.949093 0.136767 0.101814
2 0.268776 0.358117 0.0668736 0.109999
2 0.0824573 0.805024 0.0907855 0.168199
1 0.182611 0.155874 0.0959893 0.215584
2 0.308407 0.0968364 0.0538976 0.079691
2 0.251906 0.14182 0.0530178 0.081151
2 0.165285 0.0165628 0.0428329 0.0331255
3 0.899082 0.402332 0.0842526 0.142526
2 0.201604 0.03912 0.04905 0.0615607
3 0.00976127 0.153887 0.0194718 0.0866186
2 0.0241023 0.906098 0.0481759 0.183743
2 0.0372239 0.905674 0.0743687 0.184729
2 0.0176428 0.0604367 0.0352857 0.0663922
3 0.962166 0.401733 0.0731766 0.121011
2 0.182292 0.158149 0.0958806 0.210013
3 0.988813 0.258711 0.0221405 0.119976
3 0.960472 0.396377 0.0449471 0.11773
