2 0.116761 0.949084 0.134178 0.101461
2 0.425422 0.317917 0.0733795 0.105628
2 0.0822198 0.804823 0.0929472 0.169186
2 0.50022 0.464536 0.0790768 0.126281
2 0.144215 0.351991 0.135665 0.114178
2 0.381012 0.438297 0.0767194 0.115027
2 0.332154 0.330102 0.0711007 0.105509
2 0.398787 0.265444 0.0571173 0.087697
3 0.683955 0.952025 0.0513934 0.0956528
3 0.517635 0.810563 0.0414662 0.186905
0 0.808011 0.454453 0.0277862 0.115821
2 0.19701 0.0941634 0.0477879 0.071654
3 0.257818 0.340973 0.0280493 0.107306
3 0.787081 0.372061 0.0255333 0.109052
3 0.216332 0.17792 0.0218363 0.0848828
2 0.0194663 0.073602 0.0387181 0.0912085
3 0.822408 0.360621 0.0270269 0.108814
3 0.807223 0.45291 0.0265593 0.116914
0 0.787825 0.375047 0.023213 0.10792
3 0.219415 0.93444 0.0887496 0.130646
