2 0.120978 0.945157 0.135752 0.109685
2 0.083246 0.796423 0.09249 0.166613
2 0.358187 0.359617 0.0730195 0.112387
2 0.251969 0.341658 0.0691274 0.0953722
2 0.255891 0.0190812 0.043185 0.0380262
2 0.226871 0.405971 0.0893971 0.111992
2 0.273032 0.189766 0.0576334 0.0860812
2 0.202748 0.037425 0.0502554 0.0722896
3 0.0653823 0.590067 0.0282002 0.119923
3 0.617518 0.297911 0.0209478 0.101701
3 0.051572 0.278252 0.0200447 0.105007
3 0.930614 0.36059 0.0764185 0.116692
3 0.943903 0.37099 0.0815197 0.137549
3 0.0154631 0.114454 0.0242233 0.0790367
3 0.950693 0.387136 0.0780022 0.13596
