1 0.833406 0.106391 0.089373 0.191504
2 0.88326 0.950276 0.131527 0.0994474
3 0.0410249 0.405218 0.0817485 0.122621
2 0.313223 0.803892 0.117318 0.188334
2 0.465986 0.518416 0.108899 0.160136
2 0.917822 0.80281 0.0966927 0.167364
2 0.724229 0.0418383 0.0454817 0.0669267
3 0.734433 0.135214 0.0231849 0.0868022
3 0.874742 0.55745 0.0260782 0.116296
3 0.166574 0.403104 0.0651301 0.123677
3 0.805896 0.423586 0.0382835 0.0980785
3 0.757332 0.914465 0.0343184 0.169932
2 0.79811 0.0174453 0.0436035 0.0347882
3 0.535145 0.0283029 0.0284432 0.0560845
3 0.168097 0.424537 0.0603308 0.081147
