2 0.354642 0.748839 0.107817 0.172401
2 0.881956 0.945099 0.136041 0.109801
2 0.916714 0.793763 0.0961771 0.16064
2 0.717135 0.206081 0.0644092 0.092512
2 0.818137 0.448728 0.154053 0.125933
3 0.0453427 0.38888 0.0790231 0.133747
3 0.164253 0.336322 0.0255916 0.0926598
2 0.82449 0.0100448 0.0409737 0.0200773
3 0.0740099 0.372431 0.0847612 0.139273
3 0.0851146 0.360957 0.0580881 0.113004
3 0.0912105 0.363954 0.0461288 0.0992393
2 0.971079 0.0503309 0.0578422 0.0659046
2 0.965331 0.171933 0.0693387 0.076238
3 0.0769946 0.374597 0.0566571 0.135856
3 0.935329 0.207679 0.0162272 0.0734353
