2 0.116396 0.949292 0.131324 0.101415
2 0.511362 0.479524 0.088858 0.127369
2 0.0820272 0.804356 0.0928933 0.168474
2 0.405282 0.333241 0.0738596 0.113075
2 0.210654 0.248988 0.0584906 0.0945414
2 0.248405 0.378177 0.072323 0.11377
2 0.268633 0.0475471 0.0465877 0.0694404
3 0.937679 0.388178 0.0748064 0.120038
2 0.259817 0.148593 0.0548842 0.0763039
2 0.313549 0.100305 0.0506227 0.0708638
3 0.778539 0.90895 0.0508736 0.176984
2 0.365065 0.209792 0.0586038 0.0836062
3 0.204321 0.0578997 0.0202936 0.071885
3 0.316516 0.279662 0.0272138 0.100955
3 0.0470396 0.469877 0.0790887 0.111733
3 0.299199 0.196317 0.0239028 0.0999309
3 0.0808493 0.567615 0.0252634 0.109318
3 0.619628 0.326759 0.0198326 0.103116
3 0.958177 0.7215 0.0309692 0.158107
3 0.106509 0.120727 0.0171466 0.0808349
2 0.022611 0.905706 0.045054 0.182504
3 0.0467677 0.568975 0.026421 0.119878
