2 0.881768 0.946726 0.134664 0.106548
2 0.592515 0.489541 0.0882654 0.130503
2 0.47399 0.771463 0.115703 0.167909
2 0.916913 0.7986 0.0960169 0.165793
3 0.0519028 0.377939 0.0978921 0.125498
2 0.748538 0.017978 0.0440132 0.035725
3 0.301002 0.848831 0.045804 0.184369
3 0.0385474 0.391564 0.0747441 0.140344
3 0.699095 0.81764 0.0416101 0.168408
3 0.817332 0.058413 0.02066 0.0740528
3 0.805206 0.195066 0.0212006 0.0813551
3 0.427043 0.605029 0.03718 0.225177
3 0.431741 0.556495 0.0364318 0.129047
3 0.774511 0.347099 0.0298948 0.100131
3 0.795755 0.412767 0.0610186 0.118463
3 0.425947 0.628483 0.034526 0.151519
3 0.49935 0.0389944 0.0264861 0.0772489
