1 0.172353 0.118921 0.0970521 0.205915
2 0.598848 0.928082 0.127019 0.143835
2 0.11762 0.948839 0.133761 0.102323
2 0.373284 0.387009 0.0768781 0.114447
2 0.0826279 0.803556 0.0930646 0.171592
2 0.65381 0.681589 0.123368 0.221842
2 0.297368 0.0826677 0.0510848 0.0717032
0 0.579755 0.415803 0.0281591 0.128456
2 0.241209 0.0175759 0.0457916 0.0351517
3 0.182511 0.580672 0.025265 0.117341
3 0.619395 0.32684 0.0216624 0.108261
3 0.614234 0.191112 0.0215804 0.0909694
3 0.291393 0.470034 0.0288447 0.0937855
3 0.988321 0.253924 0.0230247 0.133151
2 0.0216483 0.90611 0.0432791 0.183981
3 0.612053 0.196161 0.0179653 0.079059
