2 0.883234 0.949916 0.13252 0.100168
2 0.523917 0.654146 0.098348 0.165762
2 0.378888 0.681938 0.107106 0.171827
2 0.608356 0.471164 0.0858294 0.12627
2 0.918544 0.803066 0.0958338 0.166482
2 0.616811 0.227269 0.0661249 0.0994543
2 0.774698 0.0792768 0.045915 0.0685643
2 0.814149 0.208175 0.0532951 0.0891095
2 0.764692 0.136727 0.0514277 0.0741665
2 0.310497 0.969522 0.151024 0.0609557
2 0.849184 0.0984305 0.058609 0.0795666
3 0.166879 0.401313 0.0236961 0.110153
2 0.817515 0.00802857 0.042683 0.0160434
3 0.706373 0.0602673 0.017732 0.0765387
3 0.382338 0.325608 0.0231259 0.110554
2 0.855041 0.0830615 0.0486589 0.0808081
3 0.197728 0.367882 0.0260833 0.114926
2 0.868778 0.07787 0.0260788 0.0662266
2 0.858439 0.0747933 0.0460705 0.0654544
