1 0.170017 0.105846 0.0892075 0.190834
2 0.690029 0.802802 0.119475 0.184301
2 0.118151 0.949762 0.132504 0.100477
2 0.53468 0.519333 0.108764 0.162763
2 0.0827719 0.805058 0.0932293 0.168194
3 0.960282 0.403711 0.0792309 0.128072
2 0.276089 0.0408077 0.0453209 0.0662637
3 0.834986 0.40192 0.0671427 0.120274
3 0.265105 0.134847 0.0227817 0.0862936
3 0.123739 0.55415 0.0263254 0.118723
3 0.243706 0.91468 0.036923 0.169627
3 0.197643 0.422479 0.0400337 0.0949785
2 0.023869 0.906562 0.0477379 0.183554
2 0.045269 0.906141 0.0903542 0.184401
1 0.147903 0.105953 0.130041 0.188583
