2 0.880968 0.949455 0.132246 0.101089
2 0.673282 0.317104 0.0729482 0.107191
2 0.917009 0.800811 0.0934868 0.167589
2 0.572851 0.306117 0.0713612 0.103721
2 0.689048 0.260904 0.0622778 0.0882579
0 0.477108 0.540832 0.0375448 0.136058
2 0.240547 0.96848 0.190639 0.062891
3 0.399653 0.336591 0.0263748 0.110335
3 0.68192 0.167271 0.0335104 0.0870059
3 0.403364 0.333138 0.0217534 0.103845
3 0.478396 0.534791 0.0343872 0.128728
0 0.405164 0.335828 0.0216393 0.112366
2 0.97683 0.319026 0.0460253 0.188138
