2 0.883617 0.950054 0.132965 0.099892
2 0.916694 0.80507 0.0947628 0.163668
2 0.675566 0.321622 0.0676115 0.0966723
2 0.58103 0.307467 0.0678187 0.101934
2 0.608066 0.261278 0.0621651 0.086161
3 0.9363 0.524264 0.0265331 0.11308
3 0.33412 0.411275 0.0695557 0.112746
3 0.935888 0.63544 0.0272076 0.11871
3 0.380875 0.271141 0.0255669 0.0951071
3 0.402158 0.212727 0.019964 0.0716652
3 0.789986 0.39297 0.0202053 0.112094
3 0.376902 0.522526 0.0356816 0.111036
3 0.94258 0.285914 0.0208654 0.0890304
3 0.794969 0.401947 0.0301668 0.129069
3 0.802452 0.405373 0.0459944 0.132338
0 0.375822 0.525782 0.0355714 0.109562
3 0.0164626 0.410517 0.0327658 0.116116
3 0.789643 0.381909 0.0176237 0.0873415
2 0.634735 0.204944 0.0512962 0.0861243
3 0.46745 0.132626 0.0214539 0.076503
