2 0.812157 0.382182 0.0739731 0.085642
2 0.811915 0.479668 0.0447361 0.0874762
2 0.670611 0.350722 0.039148 0.0753009
2 0.753668 0.307654 0.030357 0.0453826
4 0.227709 0.847761 0.0519957 0.183619
4 0.391974 0.523478 0.0202411 0.0882609
4 0.537275 0.452042 0.0187506 0.0818718
2 0.124659 0.506741 0.0732742 0.119004
2 0.678701 0.297901 0.0235682 0.0356601
2 0.203819 0.604454 0.0916451 0.104392
2 0.743327 0.447772 0.0469921 0.0981515
4 0.37111 0.520993 0.0176027 0.0807435
4 0.0914219 0.671732 0.0244359 0.100004
2 0.0578554 0.897662 0.115312 0.204677
4 0.72271 0.335268 0.0110958 0.0508561
2 0.214238 0.512055 0.0724427 0.0765594
4 0.743505 0.524982 0.0184559 0.07386
4 0.455485 0.491975 0.0166468 0.0723158
2 0.0647372 0.467324 0.0618832 0.0917258
4 0.703954 0.341157 0.0113738 0.0444675
4 0.320607 0.533591 0.0177016 0.0601995
4 0.231138 0.462479 0.0135213 0.0445483
4 0.388945 0.523381 0.0143095 0.0854876
4 0.458667 0.494832 0.0214684 0.077958
4 0.219442 0.826968 0.0324869 0.147182
4 0.469847 0.503335 0.0285377 0.0577599
