2 0.339545 0.368729 0.0336706 0.0600868
0 0.905184 0.648417 0.041852 0.075492
2 0.376289 0.449094 0.0483634 0.0839332
2 0.312401 0.441786 0.0410095 0.0810734
2 0.396752 0.388536 0.0395654 0.0659388
2 0.299606 0.353903 0.0309118 0.0614466
2 0.916123 0.549515 0.0504719 0.0914179
2 0.369058 0.340693 0.0310102 0.0569145
0 0.579574 0.504554 0.0318933 0.0733703
2 0.327506 0.320345 0.0238735 0.0448586
2 0.79303 0.467262 0.109565 0.119477
2 0.326474 0.328796 0.0277634 0.0594295
0 0.581337 0.497773 0.0253749 0.0696907
4 0.104441 0.481726 0.0131879 0.0567959
2 0.329533 0.338875 0.0300539 0.0433922
2 0.189321 0.308929 0.0225515 0.0408999
4 0.664036 0.471244 0.0187975 0.0722279
4 0.153655 0.489258 0.0132408 0.0550186
2 0.186368 0.283703 0.0171596 0.0254243
2 0.316228 0.302119 0.0204913 0.0323436
2 0.320899 0.310425 0.0300205 0.0402077
0 0.153749 0.491278 0.0205197 0.0619347
2 0.76869 0.460235 0.0569465 0.0916967
4 0.582272 0.492527 0.0192377 0.0615835
4 0.584328 0.434817 0.0198906 0.0834919
