2 0.541124 0.56391 0.192317 0.248109
2 0.119308 0.684749 0.180651 0.259349
4 0.595414 0.207755 0.0252197 0.129602
4 0.657622 0.194175 0.0264359 0.115862
4 0.834145 0.411291 0.0307663 0.162831
4 0.701235 0.165397 0.0256424 0.117726
4 0.216844 0.411722 0.0347373 0.171176
4 0.0410186 0.208702 0.0231045 0.0962801
4 0.64048 0.055543 0.0222073 0.0967523
4 0.650599 0.0536468 0.0196364 0.0955355
4 0.557817 0.223341 0.0285666 0.120254
3 0.359232 0.257157 0.0825269 0.124229
4 0.645373 0.0563195 0.0281336 0.100004
4 0.636606 0.0547768 0.0155659 0.0922758
4 0.976798 0.434735 0.0283663 0.208728
