2 0.350712 0.441835 0.0566906 0.131503
4 0.318445 0.600919 0.0256773 0.114079
4 0.463481 0.490815 0.0222801 0.0891253
4 0.512175 0.923734 0.0303339 0.151241
4 0.116729 0.744176 0.032529 0.140804
2 0.196659 0.513298 0.0422924 0.0928211
4 0.347162 0.78437 0.0300174 0.129871
4 0.295202 0.440527 0.0168308 0.073159
4 0.39564 0.810224 0.0297781 0.144425
2 0.832192 0.521404 0.0536819 0.0694083
2 0.249852 0.364166 0.0292711 0.0555738
4 0.619207 0.527396 0.0197706 0.089538
4 0.643719 0.845742 0.0321665 0.143367
2 0.988531 0.682172 0.022591 0.0926064
2 0.328405 0.334127 0.0359363 0.0672956
4 0.927449 0.651574 0.0182068 0.0851496
4 0.414272 0.555575 0.0232697 0.103671
4 0.501625 0.536384 0.0191584 0.0885178
4 0.582409 0.83804 0.0316046 0.104367
4 0.469153 0.481983 0.0203845 0.0925241
4 0.511032 0.540783 0.0225865 0.0912548
4 0.937449 0.534794 0.0131313 0.0528555
4 0.476 0.447008 0.015456 0.0730641
4 0.583925 0.870084 0.0424572 0.171396
4 0.645257 0.831236 0.0281015 0.111589
4 0.577838 0.457602 0.0160797 0.0686203
4 0.533153 0.417776 0.0132374 0.0628435
2 0.947657 0.477145 0.0387136 0.0556749
1 0.131261 0.387299 0.262522 0.742613
