0 0.853828 0.610992 0.0493132 0.0964143
4 0.910758 0.607537 0.0251411 0.0929937
0 0.981443 0.704559 0.0356758 0.0701086
4 0.966432 0.630865 0.0230371 0.0848594
4 0.788854 0.52414 0.0189127 0.0866247
4 0.939467 0.611792 0.0206974 0.0846436
4 0.438548 0.929328 0.0412039 0.141345
4 0.97158 0.632404 0.0169693 0.0857151
4 0.983069 0.6286 0.0162209 0.0829496
4 0.865992 0.597502 0.0246555 0.0833372
4 0.98012 0.631125 0.0193081 0.0851092
2 0.173292 0.5674 0.129643 0.200177
4 0.961194 0.630691 0.0238079 0.0863321
1 0.129234 0.467001 0.257574 0.402846
4 0.224238 0.236891 0.0124184 0.0518701
4 0.984192 0.615974 0.0142668 0.0574685
