2 0.785087 0.517051 0.0697033 0.0798204
4 0.35357 0.858558 0.0388527 0.168608
2 0.261174 0.453463 0.047175 0.10444
4 0.424312 0.759954 0.0319362 0.138809
2 0.916987 0.469451 0.0664818 0.0872427
4 0.386387 0.774302 0.0286427 0.126356
2 0.953755 0.618778 0.0924896 0.205835
2 0.247897 0.309357 0.0277244 0.0479964
2 0.332687 0.351835 0.0388239 0.0790361
2 0.325234 0.297718 0.0231712 0.0354507
4 0.662383 0.447543 0.0178232 0.075423
4 0.273459 0.322337 0.0116399 0.0447386
3 0.418292 0.537326 0.0433271 0.0840342
4 0.442393 0.384034 0.0123808 0.0557786
2 0.191986 0.483312 0.0444993 0.088975
4 0.704535 0.480204 0.0153992 0.0736839
2 0.94381 0.900013 0.112381 0.199974
