2 0.579294 0.500666 0.12185 0.122066
0 0.0219381 0.563404 0.0427787 0.074325
2 0.261558 0.463579 0.0936502 0.140745
2 0.900223 0.331273 0.0259882 0.050984
2 0.920821 0.276922 0.0264763 0.0655619
2 0.885509 0.278573 0.0246143 0.0474821
2 0.0738132 0.293198 0.0269284 0.0526271
0 0.297936 0.424089 0.0412941 0.0692112
2 0.799865 0.289283 0.061673 0.0872593
2 0.873701 0.23714 0.028495 0.0444661
2 0.760691 0.27575 0.0327059 0.0500954
2 0.842988 0.262438 0.0290401 0.053449
2 0.83753 0.254516 0.0424294 0.0660953
