2 0.31604 0.742924 0.174023 0.191368
2 0.725067 0.416421 0.0909659 0.0920584
2 0.711199 0.657694 0.163974 0.172217
2 0.84142 0.438657 0.0874489 0.0894866
2 0.153496 0.335907 0.057555 0.102273
2 0.765692 0.250459 0.037373 0.058922
2 0.586171 0.290626 0.0722414 0.0649052
2 0.468892 0.28474 0.0666951 0.0609072
2 0.0470747 0.385059 0.0496478 0.122729
2 0.103953 0.357857 0.0528261 0.101767
2 0.121617 0.302372 0.0290618 0.0601305
2 0.053727 0.390384 0.0406947 0.110364
2 0.0798438 0.296913 0.028154 0.0492108
2 0.113545 0.273829 0.0329252 0.0479477
4 0.8644 0.356872 0.0192688 0.0620994
2 0.117642 0.288331 0.0320423 0.0492172
4 0.0103693 0.52024 0.0207386 0.0812172
4 0.394651 0.324828 0.0166401 0.0662311
4 0.259305 0.386711 0.0203674 0.0711829
2 0.074828 0.282942 0.0283848 0.059368
2 0.101508 0.259529 0.0360883 0.0478853
2 0.040477 0.308891 0.0356609 0.0439722
2 0.117018 0.279347 0.0320043 0.0507525
2 0.115926 0.305881 0.0301427 0.0719415
4 0.0114852 0.509201 0.0226905 0.106057
2 0.088705 0.244616 0.0247386 0.0519561
2 0.115848 0.292536 0.032662 0.0763352
2 0.0933494 0.251991 0.0255892 0.0540233
2 0.0704896 0.271719 0.0242934 0.0419092
2 0.145036 0.307073 0.0316615 0.0507648
2 0.0838206 0.302072 0.0307652 0.0508897
4 0.0117079 0.457485 0.0233831 0.112934
2 0.793883 0.27996 0.0400972 0.0666324
2 0.0384142 0.35409 0.0545959 0.0630767
