2 0.375267 0.529115 0.104866 0.106791
2 0.245809 0.585732 0.0883711 0.122274
2 0.152846 0.489534 0.0597226 0.0984647
2 0.136589 0.591196 0.0689808 0.139591
2 0.696831 0.380567 0.0339483 0.0673189
2 0.0747193 0.526485 0.0469456 0.0957459
2 0.225665 0.47298 0.0658211 0.0811022
2 0.615481 0.358417 0.0361305 0.0599118
2 0.645146 0.384498 0.0367886 0.0669368
2 0.0313686 0.463934 0.0437695 0.0854345
2 0.109603 0.454388 0.0551097 0.0678734
4 0.869212 0.465918 0.014423 0.0690212
2 0.0794822 0.407992 0.0341595 0.0520087
2 0.827747 0.321978 0.0204453 0.0395985
0 0.175152 0.723889 0.0371919 0.0812051
2 0.704419 0.325222 0.0270708 0.0537751
4 0.919427 0.496319 0.0171951 0.0775223
2 0.115244 0.446693 0.0666294 0.0798841
4 0.841637 0.433554 0.016017 0.0646107
4 0.0174598 0.594142 0.020835 0.0773857
2 0.0267722 0.386575 0.0263775 0.0413046
2 0.81824 0.293047 0.016531 0.0286242
2 0.00811124 0.431975 0.0159688 0.051672
2 0.123279 0.434351 0.050203 0.0602914
2 0.713434 0.288032 0.0254122 0.0428344
2 0.809199 0.265268 0.0200991 0.0370971
2 0.831905 0.273538 0.0143267 0.0295106
2 0.0758489 0.39963 0.0431879 0.0675931
4 0.795784 0.452305 0.0137669 0.0618032
2 0.0556055 0.392429 0.0300127 0.0599915
3 0.17615 0.723121 0.036983 0.0857103
2 0.823092 0.304583 0.0226187 0.0541415
2 0.068811 0.400216 0.0606852 0.0698911
