2 0.190082 0.58712 0.0852987 0.112728
2 0.426207 0.405435 0.0403737 0.0714984
2 0.651765 0.583264 0.10261 0.118385
2 0.389865 0.410468 0.0396477 0.089185
2 0.36658 0.360382 0.032408 0.0624799
2 0.295772 0.422021 0.0367217 0.0778779
2 0.345593 0.415048 0.0375751 0.0872515
2 0.751538 0.596549 0.101398 0.173035
2 0.408523 0.635578 0.123819 0.165903
2 0.404435 0.360058 0.0257687 0.0495753
2 0.592252 0.409578 0.0887072 0.0935543
1 0.914318 0.727385 0.165014 0.537476
2 0.330059 0.370487 0.0287362 0.0463521
2 0.412278 0.315841 0.0293976 0.0494885
2 0.143924 0.485024 0.0345425 0.0976731
2 0.328543 0.352419 0.0291709 0.0566586
2 0.352511 0.320555 0.0210749 0.0349419
2 0.322674 0.341409 0.0258698 0.0347809
2 0.320204 0.330593 0.0256515 0.0436865
2 0.291206 0.355617 0.0297425 0.0556856
2 0.323872 0.33645 0.0285649 0.0381188
2 0.292602 0.367109 0.029435 0.0520798
2 0.289325 0.348215 0.0263817 0.0484301
2 0.33998 0.300233 0.0202494 0.0290707
2 0.314931 0.299117 0.0201619 0.0279732
2 0.181975 0.293985 0.0163527 0.03361
2 0.343055 0.307749 0.0252773 0.0357222
2 0.330418 0.363576 0.0332978 0.058298
2 0.974213 0.487531 0.0303858 0.0593371
