4 0.655814 0.786307 0.0276814 0.138429
2 0.651811 0.439948 0.0567624 0.129118
2 0.803912 0.513322 0.0436889 0.0944241
2 0.0113001 0.681672 0.0222556 0.106064
4 0.489654 0.92416 0.0306462 0.149215
4 0.60528 0.808328 0.028964 0.142492
2 0.170291 0.524047 0.0510739 0.0757025
4 0.681753 0.600042 0.0245363 0.114697
2 0.672608 0.328927 0.0335114 0.0573834
4 0.704584 0.442145 0.0161344 0.0751625
4 0.582738 0.554399 0.0190998 0.0958273
4 0.884139 0.743805 0.0295029 0.144873
4 0.535718 0.490414 0.0212365 0.0893044
4 0.379936 0.526602 0.0182893 0.0931901
4 0.483946 0.543256 0.0161957 0.0845633
4 0.46246 0.416075 0.0122456 0.0619921
4 0.499793 0.537772 0.0176644 0.0923761
2 0.664191 0.366951 0.0345108 0.0322886
4 0.358343 0.841829 0.029525 0.136337
4 0.420847 0.865148 0.0377399 0.161996
2 0.748837 0.365657 0.0333189 0.0595898
4 0.0623283 0.532676 0.0148841 0.0587868
2 0.0557126 0.478994 0.0356308 0.0577145
4 0.594684 0.552885 0.0199 0.093402
2 0.0330439 0.912051 0.0657595 0.175898
4 0.522991 0.446851 0.015803 0.0694211
4 0.598029 0.549731 0.0162067 0.0914347
4 0.420757 0.459902 0.013663 0.0646867
4 0.532354 0.469144 0.0224051 0.113815
4 0.780196 0.618326 0.0251206 0.110512
4 0.455641 0.440682 0.014075 0.0583103
