2 0.827491 0.530949 0.0526688 0.114544
2 0.52685 0.885533 0.149446 0.228933
2 0.822502 0.839263 0.0962952 0.233829
2 0.246128 0.317744 0.0283793 0.0523203
2 0.590604 0.362208 0.0456064 0.0548496
2 0.407533 0.297257 0.0440495 0.0501299
2 0.325407 0.329355 0.036949 0.0688735
2 0.65039 0.321021 0.0404495 0.0525731
2 0.71275 0.318067 0.0312705 0.0468646
2 0.176498 0.57189 0.0902492 0.108475
2 0.254924 0.240354 0.021873 0.0336633
2 0.285429 0.331107 0.0552355 0.0974139
2 0.370585 0.460397 0.0812161 0.0998905
2 0.230235 0.235602 0.0167497 0.026812
2 0.610458 0.969877 0.136375 0.0600018
2 0.266818 0.219451 0.0162494 0.0235888
2 0.295993 0.225953 0.0246026 0.0300736
2 0.748365 0.293865 0.0250528 0.0383635
2 0.301484 0.330126 0.086097 0.0907896
4 0.494415 0.346359 0.0125673 0.0529853
2 0.186904 0.254403 0.0195154 0.0312503
4 0.418363 0.330344 0.0150607 0.056189
2 0.296186 0.239167 0.0305324 0.0477216
