2 0.0717297 0.761296 0.0693866 0.135964
2 0.804824 0.512389 0.042808 0.09251
2 0.747718 0.455882 0.044913 0.0912066
0 0.634517 0.669849 0.0356565 0.0818957
2 0.650828 0.44117 0.0539371 0.124617
2 0.468699 0.641022 0.13144 0.152002
2 0.665537 0.365697 0.033808 0.0345048
4 0.496654 0.53586 0.0176105 0.0739498
2 0.172366 0.522752 0.0502518 0.0689186
4 0.717225 0.438394 0.0154596 0.0721003
2 0.670883 0.329259 0.0280703 0.0493268
4 0.507442 0.411714 0.0122747 0.0597855
4 0.0434975 0.867464 0.0274702 0.118785
4 0.688874 0.428834 0.0137285 0.0677661
0 0.604309 0.403436 0.0201014 0.0617321
2 0.031851 0.52866 0.0337451 0.0850052
2 0.0738874 0.539029 0.0414785 0.0691231
4 0.672889 0.543134 0.0221234 0.0965223
4 0.44155 0.45298 0.0164633 0.0735876
4 0.895682 0.656186 0.0282616 0.18257
0 0.632209 0.660108 0.0277554 0.0696168
4 0.177242 0.63521 0.0192714 0.0805464
4 0.637302 0.613169 0.0275095 0.0670634
4 0.182481 0.473623 0.0109704 0.0421385
4 0.0886375 0.592414 0.0135403 0.059823
4 0.293432 0.476844 0.014359 0.071572
4 0.604674 0.501249 0.0195316 0.0888903
1 0.857098 0.360782 0.285803 0.712345
4 0.523048 0.403626 0.0133341 0.0699598
4 0.51004 0.409282 0.0116953 0.0672252
4 0.606571 0.514168 0.0203981 0.115581
