0 0.853696 0.61194 0.0489975 0.0942224
0 0.981468 0.704244 0.0360435 0.0699501
4 0.789019 0.52418 0.0192579 0.0867682
4 0.910827 0.608042 0.0253037 0.0943228
4 0.966539 0.630988 0.0232666 0.0850141
4 0.939131 0.612643 0.0210068 0.0866694
4 0.438439 0.930112 0.0403786 0.139777
4 0.97151 0.632217 0.0175592 0.0853823
4 0.982387 0.629485 0.0168148 0.0843309
4 0.978864 0.631606 0.0195789 0.0857857
2 0.171795 0.566884 0.12848 0.18495
4 0.961857 0.630598 0.0245754 0.0859821
4 0.75006 0.49172 0.0229383 0.0841224
0 0.856171 0.625311 0.0411156 0.0696331
