2 0.783635 0.256071 0.0309999 0.0620452
2 0.696215 0.45459 0.0667259 0.142129
2 0.901696 0.835289 0.0925713 0.303168
2 0.827858 0.268461 0.0417034 0.105187
4 0.647635 0.410376 0.0229168 0.107814
4 0.851543 0.605899 0.0210907 0.103021
4 0.743793 0.355115 0.0229834 0.0809801
4 0.282404 0.643059 0.0237933 0.111676
4 0.753945 0.323756 0.0164291 0.0768449
4 0.358482 0.590274 0.021803 0.115271
4 0.3754 0.599578 0.0235731 0.106758
4 0.942071 0.626334 0.0268707 0.101256
2 0.799514 0.209527 0.026338 0.0533509
4 0.935252 0.629789 0.0257286 0.101411
4 0.258396 0.645706 0.0227073 0.129352
4 0.851871 0.384479 0.0166672 0.0714132
2 0.826866 0.254084 0.0332512 0.0829044
4 0.848567 0.386334 0.0163197 0.0720263
4 0.644646 0.415312 0.0311995 0.118659
4 0.903829 0.429505 0.0194664 0.0823397
4 0.743093 0.354183 0.0163912 0.0835641
4 0.649439 0.403609 0.0183841 0.0931024
2 0.826785 0.235644 0.0323143 0.0455221
4 0.420175 0.633877 0.01945 0.0894272
3 0.416572 0.735424 0.0805074 0.130701
4 0.933821 0.516188 0.022897 0.0968607
