2 0.253204 0.455428 0.0429137 0.0875336
2 0.829532 0.527701 0.0527534 0.0740664
2 0.35214 0.440848 0.0517529 0.124037
2 0.883781 0.576073 0.0497597 0.0977165
4 0.443905 0.526669 0.0257017 0.0973146
2 0.19745 0.513995 0.0422447 0.0856342
4 0.31251 0.612268 0.0174796 0.106203
2 0.474693 0.658549 0.147175 0.161424
4 0.468044 0.470017 0.0176428 0.0779903
2 0.946863 0.538668 0.0613239 0.101256
4 0.282259 0.41323 0.0223521 0.0931406
2 0.252335 0.369756 0.0336825 0.0608845
4 0.309256 0.393802 0.0132846 0.0539909
2 0.337677 0.369963 0.0294076 0.035601
4 0.297149 0.610656 0.0229782 0.102697
4 0.305884 0.611629 0.0228001 0.103409
4 0.295446 0.543418 0.0168183 0.063829
4 0.4818 0.538166 0.0243356 0.0806878
4 0.751039 0.56396 0.0171851 0.0772002
4 0.646677 0.525504 0.0234882 0.103663
2 0.32959 0.333862 0.0274437 0.0512555
4 0.54818 0.455788 0.0134447 0.0685749
4 0.301569 0.609696 0.0232494 0.108447
4 0.108501 0.625661 0.0218688 0.097953
4 0.720787 0.48157 0.0134308 0.0770698
4 0.906962 0.956684 0.0283981 0.0866316
1 0.145109 0.348157 0.290219 0.65318
4 0.707538 0.48447 0.014065 0.0698262
4 0.909974 0.957197 0.055073 0.0853981
4 0.579476 0.393963 0.0142843 0.0557374
4 0.717968 0.484345 0.0147219 0.0706175
4 0.529242 0.476397 0.0142656 0.0628799
4 0.71171 0.486069 0.0175451 0.0720932
