2 0.909386 0.509568 0.0462765 0.0725065
2 0.350676 0.429769 0.039587 0.0794198
2 0.858096 0.533997 0.0590389 0.115998
2 0.404201 0.423482 0.0440753 0.0873082
2 0.908421 0.596236 0.0528288 0.110872
2 0.302166 0.430032 0.0352243 0.0722603
2 0.710009 0.439924 0.0802034 0.0672934
2 0.968113 0.516271 0.0324425 0.0706263
2 0.943477 0.546162 0.0412142 0.0835283
2 0.210171 0.365587 0.0249034 0.0543923
2 0.373233 0.375603 0.0328741 0.0649652
2 0.332474 0.377372 0.0316939 0.0595767
2 0.0531094 0.860696 0.0774635 0.209148
2 0.18138 0.495275 0.0374113 0.0964499
2 0.181353 0.358413 0.023628 0.0481647
2 0.349745 0.326158 0.025415 0.0478641
2 0.290785 0.364718 0.026897 0.0555071
2 0.945689 0.473766 0.0350449 0.0574409
2 0.438522 0.394138 0.0645755 0.145122
4 0.759195 0.606198 0.0226786 0.0965414
2 0.157462 0.407491 0.0281295 0.0733227
4 0.982726 0.729002 0.0233389 0.101823
2 0.323022 0.344924 0.0269655 0.0447412
2 0.946376 0.479069 0.0423428 0.0571012
2 0.0365293 0.571717 0.0730586 0.185042
2 0.983717 0.4569 0.0315758 0.129293
4 0.982588 0.591131 0.0186951 0.085619
2 0.320405 0.331918 0.0280963 0.0491816
2 0.138674 0.877112 0.0785815 0.228599
2 0.191879 0.312013 0.0172732 0.0403154
4 0.990173 0.714388 0.0192398 0.122291
4 0.988799 0.729408 0.0215275 0.107606
2 0.222159 0.310659 0.0208992 0.0338822
4 0.986467 0.714306 0.0260448 0.128709
2 0.963841 0.506018 0.0354841 0.0566227
2 0.20778 0.288011 0.0141628 0.0354761
2 0.146858 0.371058 0.0267561 0.0539126
4 0.986143 0.582604 0.0241196 0.0996094
