2 0.84141 0.507012 0.0445154 0.0872366
2 0.750316 0.785903 0.105247 0.238054
2 0.900256 0.65114 0.0528784 0.130587
2 0.921956 0.46382 0.0393932 0.096866
2 0.875844 0.451069 0.0340977 0.0728362
2 0.80677 0.561003 0.056205 0.109257
2 0.283405 0.331606 0.0563616 0.100607
2 0.244722 0.318662 0.0277208 0.051921
2 0.98872 0.437224 0.0200756 0.0510929
2 0.59671 0.97148 0.151421 0.05704
2 0.294631 0.224523 0.025776 0.0309633
2 0.253373 0.240321 0.0222445 0.0325286
2 0.417524 0.462295 0.0987851 0.114295
2 0.175661 0.283512 0.0214479 0.0338707
2 0.406735 0.302239 0.0437254 0.0481494
2 0.950773 0.3785 0.0219852 0.0332171
2 0.228738 0.235056 0.017659 0.0263739
2 0.901395 0.398667 0.0319252 0.0431077
2 0.0471858 0.665759 0.0927621 0.121483
2 0.321405 0.224131 0.020822 0.033657
2 0.967291 0.410012 0.025391 0.04157
2 0.184344 0.251624 0.0172996 0.0292256
2 0.232795 0.273507 0.023588 0.050663
2 0.92357 0.37437 0.0260817 0.0485108
2 0.966113 0.443344 0.0276791 0.0677101
2 0.934756 0.42063 0.0285496 0.0492623
2 0.265757 0.22058 0.0163155 0.0245922
2 0.893104 0.422368 0.0294363 0.0530562
4 0.116591 0.451028 0.0156314 0.0656924
2 0.947473 0.383714 0.024625 0.0421324
2 0.167127 0.262127 0.014838 0.0221531
2 0.186454 0.25393 0.0175385 0.0283759
4 0.077461 0.465167 0.0149277 0.0636924
2 0.907156 0.393542 0.0266636 0.0500971
2 0.928469 0.359633 0.0247316 0.0366618
2 0.938218 0.41777 0.0261761 0.0500532
