4 0.382286 0.0572413 0.0178373 0.0759807
4 0.430858 0.0697557 0.0248615 0.101114
2 0.241341 0.0732175 0.081879 0.136222
0 0.744925 0.364569 0.095283 0.102607
4 0.356176 0.0481787 0.0187543 0.0908938
2 0.0754002 0.18604 0.0984936 0.174137
4 0.37405 0.473561 0.0529757 0.175633
4 0.0676311 0.0440712 0.0276366 0.0881424
4 0.935383 0.157689 0.0238091 0.0869232
4 0.759522 0.310019 0.0380962 0.101001
0 0.161039 0.040687 0.0258409 0.0724146
4 0.722596 0.800436 0.0639143 0.308268
4 0.0190053 0.0261074 0.0204282 0.0521077
4 0.156549 0.275929 0.0333563 0.145437
4 0.0101759 0.344235 0.0203518 0.127234
4 0.71967 0.764819 0.060294 0.227098
4 0.331508 0.0448636 0.0273997 0.0897272
4 0.195321 0.344905 0.0333333 0.173969
