2 0.610614 0.368616 0.0360838 0.0608592
2 0.687194 0.375654 0.0315379 0.0529753
2 0.664683 0.339421 0.0303144 0.0523876
2 0.0912763 0.510211 0.043161 0.0980804
2 0.0507068 0.470988 0.0430567 0.0848833
2 0.149051 0.428142 0.0568249 0.0684781
2 0.684697 0.275701 0.0191298 0.0349226
2 0.923198 0.428804 0.049353 0.112757
4 0.538139 0.391463 0.0187497 0.0637435
4 0.681844 0.44008 0.0139477 0.0641079
0 0.47918 0.412933 0.0218061 0.0617519
0 0.0816925 0.622225 0.0302857 0.0770863
2 0.586419 0.296299 0.0276243 0.0401876
2 0.352545 0.383002 0.0669997 0.062637
4 0.757152 0.439865 0.0136183 0.0648411
4 0.696681 0.429267 0.0125708 0.0531352
2 0.632033 0.260953 0.0207299 0.0243521
4 0.310108 0.356784 0.0149917 0.0528884
0 0.470627 0.404362 0.0167835 0.0627972
4 0.684686 0.439065 0.0112942 0.0640812
