2 0.647208 0.376258 0.0356113 0.0624166
2 0.573865 0.355359 0.0406471 0.0681014
2 0.224444 0.450314 0.061649 0.0710854
2 0.121013 0.544018 0.0587665 0.124941
2 0.161237 0.491029 0.0593284 0.0808977
2 0.864543 0.319449 0.0404844 0.0604567
2 0.0246796 0.457066 0.0293746 0.0609594
2 0.69845 0.362729 0.0286624 0.0551179
2 0.06656 0.47627 0.0654611 0.122028
2 0.619532 0.348216 0.0301354 0.0590947
2 0.54497 0.329868 0.0379997 0.050639
4 0.216344 0.52943 0.0219049 0.0807625
2 0.12701 0.439653 0.0454223 0.0587481
2 0.429098 0.36936 0.0577325 0.0620924
2 0.824586 0.317103 0.023914 0.0412855
2 0.79216 0.299502 0.0215828 0.0468473
2 0.64013 0.315916 0.0329141 0.0563657
2 0.149217 0.416402 0.0458278 0.0533149
2 0.908255 0.411727 0.0484764 0.104214
2 0.0136972 0.423508 0.0271007 0.057698
4 0.362511 0.375183 0.0139811 0.054749
4 0.951925 0.553958 0.0147778 0.0824636
4 0.884525 0.49797 0.0187704 0.0725393
4 0.517221 0.419087 0.0172741 0.0700053
2 0.0922439 0.451878 0.0414812 0.0674797
2 0.0194638 0.442535 0.0359624 0.0859476
2 0.0123376 0.397035 0.0243169 0.0584797
2 0.0134693 0.409247 0.0265045 0.0730946
4 0.794073 0.462642 0.0158203 0.0734074
4 0.216804 0.528462 0.015792 0.0782414
2 0.601727 0.299459 0.0330923 0.0403305
4 0.961118 0.559256 0.0210667 0.0872293
2 0.66476 0.340942 0.0334114 0.0419416
2 0.703565 0.326009 0.0241461 0.0329255
2 0.811398 0.276597 0.0202827 0.0436556
4 0.966571 0.562829 0.0133621 0.0715736
2 0.708043 0.296158 0.020689 0.0293888
4 0.854069 0.445001 0.018581 0.0684568
4 0.95543 0.562247 0.0191166 0.0792389
4 0.309913 0.4314 0.0121275 0.057571
2 0.0754834 0.463906 0.0523365 0.0981907
2 0.573897 0.30042 0.0273838 0.0475464
2 0.667822 0.326519 0.0294004 0.0526986
2 0.0410636 0.410938 0.0354261 0.0406
2 0.705793 0.309794 0.0223064 0.0390129
2 0.0350365 0.404746 0.0274811 0.0402654
2 0.603468 0.285299 0.02868 0.0443558
2 0.147185 0.42575 0.0493703 0.0591649
4 0.00678147 0.608405 0.0131368 0.116695
2 0.0413686 0.424463 0.0451058 0.0739998
4 0.00587359 0.588522 0.011383 0.0961473
2 0.0173273 0.432944 0.0307944 0.0879214
4 0.849618 0.445557 0.0172766 0.0681892
4 0.882876 0.473325 0.0208431 0.117058
