2 0.384992 0.617294 0.112528 0.121716
2 0.124709 0.572811 0.0667364 0.129916
2 0.316403 0.56153 0.0845037 0.104784
2 0.202977 0.532972 0.0618 0.0951389
2 0.530261 0.935172 0.164861 0.129656
2 0.194159 0.913408 0.206752 0.109096
2 0.838031 0.697147 0.153202 0.181853
4 0.0829256 0.627268 0.0202393 0.0956131
2 0.842179 0.551534 0.0501934 0.0713526
2 0.639305 0.628871 0.1084 0.0815731
2 0.760327 0.886141 0.179356 0.154328
2 0.0874764 0.518414 0.0326146 0.0565321
2 0.780524 0.568494 0.0559404 0.0648083
