2 0.487237 0.792163 0.171434 0.217993
2 0.337189 0.874123 0.165258 0.235264
2 0.378331 0.509605 0.111736 0.0994431
2 0.10705 0.51715 0.0588757 0.0922251
2 0.404892 0.370956 0.0698759 0.0670145
2 0.0457991 0.456197 0.0377066 0.0628776
2 0.573733 0.359555 0.0361959 0.0595367
2 0.699992 0.358446 0.0306199 0.0617905
2 0.621592 0.345877 0.0331489 0.0540642
2 0.126095 0.452416 0.0653215 0.0876644
2 0.636559 0.376682 0.0359964 0.0612638
2 0.0643952 0.421098 0.0303809 0.0473339
2 0.662527 0.345261 0.0310549 0.0544997
2 0.557526 0.32597 0.0363751 0.0482459
4 0.660308 0.426581 0.0155021 0.0650968
2 0.018666 0.422543 0.0368862 0.0542489
4 0.812884 0.432069 0.0151169 0.0589525
2 0.807068 0.300582 0.0220327 0.0400079
2 0.7084 0.314365 0.0201907 0.0351862
2 0.848387 0.303809 0.034763 0.0601199
1 0.126706 0.407362 0.165914 0.139367
2 0.635862 0.305526 0.0344701 0.0648877
4 0.894633 0.483914 0.0129002 0.0586068
2 0.895239 0.373315 0.0481304 0.0722549
2 0.596594 0.312106 0.0412935 0.0664306
2 0.6835 0.29591 0.0219238 0.0373851
2 0.0266635 0.418479 0.0442677 0.0608846
2 0.505146 0.348591 0.0499866 0.0542081
2 0.0374283 0.415516 0.0274834 0.0497274
2 0.667762 0.310533 0.0219378 0.0398656
2 0.70713 0.319305 0.0213207 0.0338379
4 0.912458 0.466561 0.0116432 0.0616041
2 0.874553 0.320969 0.02374 0.0372406
4 0.852295 0.398594 0.0140812 0.0555844
4 0.94496 0.506076 0.0140369 0.0618004
4 0.894472 0.484735 0.0179222 0.0551485
2 0.704038 0.332972 0.0262867 0.0312845
2 0.0335652 0.408636 0.0283531 0.0566164
2 0.0396278 0.407442 0.0303382 0.0482654
2 0.0221221 0.410342 0.0439781 0.0775085
4 0.927395 0.471793 0.0117237 0.0645393
