2 0.167143 0.452034 0.0464758 0.075469
2 0.657014 0.452406 0.0989105 0.0766989
2 0.0850866 0.429382 0.0296853 0.0593269
2 0.136634 0.509583 0.0542596 0.108439
2 0.41243 0.324705 0.0494928 0.0484506
2 0.705833 0.308699 0.0418678 0.0615957
2 0.0933479 0.35667 0.0238972 0.043381
2 0.551489 0.380708 0.0697004 0.0737865
2 0.293023 0.315674 0.0392612 0.0443182
2 0.0733204 0.327859 0.0184069 0.0351499
2 0.0492537 0.342659 0.0191627 0.0401406
2 0.74581 0.302392 0.034185 0.0436043
2 0.223474 0.294624 0.0247751 0.0356776
2 0.818921 0.254874 0.0209995 0.0277958
2 0.174528 0.28062 0.0218708 0.0301175
4 0.65784 0.303736 0.0133757 0.0378714
2 0.818081 0.254345 0.0253628 0.0329593
2 0.0850757 0.3463 0.0268492 0.0477811
4 0.368472 0.352411 0.0141261 0.0553791
2 0.753305 0.267829 0.0311692 0.0353207
2 0.783562 0.262222 0.0187109 0.0358882
