0 0.86104 0.612779 0.0438236 0.0824407
2 0.897158 0.436715 0.0368546 0.0583883
2 0.339727 0.342258 0.0309894 0.0549848
2 0.380421 0.358055 0.0358164 0.0794996
2 0.0248081 0.85813 0.0496162 0.169016
2 0.431842 0.353671 0.0405399 0.0723831
2 0.167453 0.360112 0.0298922 0.0562469
2 0.0959941 0.548531 0.0512945 0.0962975
2 0.908937 0.494511 0.0393484 0.07971
2 0.93376 0.459945 0.0345024 0.0626387
2 0.137953 0.790204 0.0887183 0.195882
2 0.854675 0.462452 0.0547806 0.0694653
2 0.777334 0.446047 0.0681963 0.090687
2 0.975206 0.416293 0.0334335 0.0523742
2 0.16449 0.562194 0.0549861 0.12537
2 0.134053 0.328157 0.0354209 0.0668791
2 0.204427 0.324316 0.0214763 0.043777
2 0.194239 0.403933 0.0326353 0.0597566
2 0.298651 0.345607 0.0276668 0.0485133
2 0.775719 0.389635 0.0630766 0.0488504
2 0.326631 0.310527 0.0249903 0.0453277
2 0.177532 0.309348 0.0205592 0.0330214
2 0.301947 0.378776 0.0318582 0.0616255
2 0.306861 0.269615 0.0202217 0.0355531
2 0.966204 0.377867 0.0355679 0.0564843
2 0.300744 0.35378 0.0303439 0.0631115
2 0.189822 0.281817 0.0185416 0.0283267
2 0.292723 0.315917 0.0227319 0.0380131
2 0.219392 0.278769 0.0157433 0.0267754
2 0.96996 0.394848 0.0371914 0.0877785
2 0.924892 0.414282 0.0271542 0.0365809
2 0.600023 0.364905 0.0912682 0.0912587
4 0.398146 0.415243 0.0137744 0.0627413
4 0.968657 0.549422 0.0211802 0.0982807
2 0.297012 0.337395 0.0274388 0.0328834
2 0.418986 0.303676 0.0240875 0.0369423
4 0.240105 0.423875 0.012534 0.0573209
4 0.969208 0.566935 0.0221598 0.0937754
2 0.290339 0.301213 0.0193362 0.0277745
2 0.292497 0.320836 0.0306211 0.048237
4 0.480996 0.376735 0.0169691 0.0526123
2 0.992507 0.398668 0.0148029 0.0559959
4 0.991568 0.52498 0.0150612 0.0971268
