2 0.739203 0.390213 0.0654564 0.0581498
2 0.35215 0.376206 0.0354911 0.0588797
2 0.941033 0.424836 0.0352579 0.0504957
2 0.911677 0.491473 0.0415106 0.0827072
2 0.427404 0.354947 0.0409935 0.0669795
2 0.380758 0.348882 0.0301495 0.0597883
2 0.163403 0.31914 0.025634 0.050209
2 0.335783 0.34172 0.0285135 0.0506674
2 0.301257 0.36347 0.027822 0.053546
2 0.455951 0.324392 0.0386486 0.0640818
2 0.927077 0.724157 0.0718866 0.175397
2 0.778539 0.435357 0.0706485 0.0693682
2 0.990599 0.399655 0.0184261 0.0419837
2 0.125566 0.321384 0.0225035 0.0354759
2 0.328241 0.322396 0.0271749 0.04326
2 0.298526 0.327337 0.0267203 0.0381276
2 0.359903 0.314195 0.0310136 0.0486115
2 0.343963 0.355823 0.0309605 0.035831
4 0.952545 0.629882 0.020068 0.0869134
4 0.482023 0.412319 0.0162035 0.0623865
2 0.332269 0.32443 0.0298962 0.0477164
2 0.892763 0.37313 0.0334366 0.0370935
4 0.359917 0.421158 0.016471 0.0656324
2 0.953654 0.360802 0.0262609 0.0308959
2 0.342096 0.285245 0.023644 0.0378609
2 0.316501 0.297728 0.0220437 0.0389937
4 0.99303 0.55491 0.0135286 0.0730263
0 0.0988425 0.520769 0.0285747 0.0737919
2 0.397309 0.302831 0.0347487 0.044953
2 0.893198 0.382036 0.0361248 0.0570309
2 0.314191 0.28675 0.0209206 0.0385138
2 0.292109 0.30022 0.0206633 0.0303745
4 0.361332 0.417419 0.0211748 0.0760934
2 0.321892 0.308449 0.0224892 0.0349894
2 0.396866 0.295523 0.0344758 0.0416314
2 0.312827 0.279197 0.0186729 0.0290412
2 0.293482 0.30682 0.0227614 0.041703
2 0.307858 0.273986 0.0192243 0.0254382
