2 0.705909 0.308249 0.041533 0.0599808
2 0.0913646 0.450165 0.0335217 0.0654478
2 0.0924142 0.370003 0.0308899 0.0429394
2 0.746138 0.30248 0.0339703 0.0437069
4 0.0854694 0.520509 0.0174591 0.0746437
2 0.796709 0.300601 0.0293549 0.0376272
4 0.0536405 0.525923 0.013751 0.0741648
4 0.0558977 0.527712 0.0135802 0.0725682
4 0.212974 0.435594 0.0164267 0.065892
0 0.691091 0.37187 0.0225217 0.0494954
4 0.492479 0.311868 0.0159363 0.0522713
4 0.50833 0.306705 0.013037 0.0573597
2 0.79364 0.306491 0.0309958 0.0465682
2 0.721132 0.22089 0.0287806 0.0307069
2 0.814176 0.254251 0.0224087 0.0281413
4 0.69112 0.372401 0.0199869 0.0501746
2 0.726827 0.223218 0.0398865 0.0353145
