2 0.258985 0.389857 0.0660603 0.0544734
2 0.222736 0.445799 0.0695674 0.0916036
2 0.662726 0.338568 0.0314569 0.0516018
2 0.0667321 0.46007 0.0373054 0.0621598
2 0.102757 0.438028 0.0361509 0.0583117
2 0.949572 0.747687 0.0732437 0.147336
2 0.976191 0.636852 0.0476179 0.113682
2 0.869823 0.85742 0.0856346 0.166784
2 0.146689 0.461654 0.0551235 0.0700436
2 0.825228 0.519078 0.0481186 0.0997776
2 0.619498 0.366822 0.031996 0.0562478
2 0.0272375 0.413472 0.0354168 0.0553604
2 0.0931639 0.495736 0.0369862 0.0787977
2 0.704657 0.311336 0.0210535 0.0394641
2 0.55376 0.326346 0.0363842 0.0468541
2 0.153093 0.385807 0.0479389 0.052841
4 0.691903 0.421378 0.0185165 0.0642504
2 0.458213 0.358318 0.0628253 0.0572775
4 0.0600505 0.627526 0.0210233 0.0863413
2 0.593926 0.290249 0.0255735 0.0391304
2 0.0766343 0.416462 0.0258626 0.0381356
4 0.834571 0.351303 0.0129555 0.0487872
0 0.329125 0.391055 0.0304483 0.0521136
4 0.612162 0.423136 0.0146937 0.0573652
4 0.527651 0.386766 0.0113138 0.0552895
4 0.00587567 0.585593 0.0114507 0.0994912
2 0.0482889 0.359317 0.023383 0.0318413
2 0.00702454 0.400517 0.0140491 0.0537264
4 0.575385 0.389554 0.0137281 0.0606902
4 0.857872 0.401536 0.0158766 0.0520678
2 0.0540053 0.440344 0.0391608 0.0393302
4 0.486197 0.390366 0.00713863 0.0451065
