2 0.449316 0.767723 0.189726 0.26196
2 0.221689 0.634403 0.089614 0.15751
2 0.118905 0.472165 0.0398359 0.0738644
2 0.0826 0.511366 0.0424346 0.105741
2 0.187567 0.480538 0.0559648 0.082905
2 0.170617 0.721184 0.0838518 0.161438
2 0.145505 0.423969 0.0374321 0.0649251
2 0.0859739 0.416573 0.0304921 0.0548597
2 0.704935 0.314658 0.0424047 0.0494532
2 0.819341 0.501805 0.0820183 0.084325
2 0.122128 0.385531 0.0328644 0.0645785
2 0.589695 0.425392 0.0851023 0.0782776
2 0.0709636 0.380801 0.0284349 0.0480211
2 0.0560526 0.438327 0.0357703 0.0845892
2 0.0778122 0.334508 0.0219481 0.0361213
2 0.101976 0.362084 0.0252926 0.0421782
2 0.932954 0.583952 0.123981 0.11942
2 0.93425 0.615028 0.127589 0.182062
2 0.984748 0.423836 0.0300241 0.0574226
2 0.840726 0.253501 0.0179554 0.0272997
2 0.767568 0.267138 0.0276047 0.0415999
2 0.0791666 0.406114 0.0377193 0.0733137
2 0.932612 0.344768 0.0217222 0.0409167
2 0.0508721 0.396589 0.0242547 0.0396904
2 0.62114 0.27539 0.037431 0.049833
2 0.0664787 0.312349 0.0202836 0.0301393
2 0.0470951 0.340406 0.0340058 0.0651802
2 0.0737672 0.337911 0.024343 0.040863
2 0.113022 0.367856 0.0405887 0.0405514
2 0.116898 0.40446 0.0505011 0.0631274
2 0.0692433 0.320899 0.0236061 0.0442414
2 0.0689005 0.368903 0.0279929 0.049011
2 0.773566 0.267905 0.0347414 0.0430027
2 0.0537863 0.392706 0.0210143 0.0450058
