2 0.645582 0.634535 0.0970451 0.0923637
2 0.24158 0.654107 0.0798791 0.114965
2 0.421626 0.767646 0.128961 0.185393
2 0.576675 0.860054 0.199682 0.183656
2 0.385553 0.616628 0.111551 0.120751
2 0.316424 0.561308 0.0845429 0.102213
2 0.123554 0.57648 0.0698273 0.126774
2 0.224785 0.835384 0.231705 0.25585
2 0.174416 0.50815 0.0453226 0.0581096
2 0.842425 0.551335 0.0513725 0.0721811
2 0.726766 0.591383 0.0817874 0.0930536
2 0.835608 0.695461 0.152563 0.185514
2 0.783513 0.572496 0.0508853 0.0746246
