2 0.619998 0.679663 0.0926524 0.0990791
2 0.457807 0.668718 0.0817085 0.100246
2 0.755254 0.81522 0.0928693 0.0960337
2 0.586744 0.779596 0.103181 0.0959278
2 0.504094 0.613903 0.0743843 0.0928194
2 0.0464665 0.863059 0.0522698 0.104615
2 0.423616 0.47374 0.0619867 0.0846071
2 0.797563 0.691562 0.078311 0.0924469
2 0.417456 0.551547 0.0697426 0.0981085
2 0.355714 0.594248 0.0656374 0.0949781
2 0.863884 0.787721 0.0893005 0.0909338
2 0.504088 0.539735 0.0737673 0.0846297
2 0.343098 0.470494 0.065433 0.0955663
2 0.3317 0.374788 0.0482982 0.0728205
2 0.324488 0.782572 0.0966769 0.101341
2 0.302653 0.416574 0.0382533 0.0689806
2 0.80066 0.930585 0.0972698 0.110042
2 0.98765 0.444138 0.0242104 0.148968
2 0.0978126 0.506942 0.067295 0.102795
2 0.626946 0.94971 0.0991771 0.10058
2 0.959874 0.770957 0.0792248 0.120599
