2 0.337908 0.338463 0.030556 0.0533506
2 0.740736 0.391238 0.0662319 0.0544991
2 0.777073 0.446111 0.0680905 0.0906812
2 0.908422 0.494878 0.0390432 0.0803379
2 0.0499748 0.748483 0.0742159 0.150176
2 0.896214 0.435665 0.0354454 0.0589935
2 0.854546 0.462017 0.0551998 0.0708672
2 0.0228655 0.63798 0.045731 0.11803
2 0.295016 0.310226 0.0229 0.0437284
2 0.175869 0.51857 0.0475579 0.100737
2 0.933954 0.460367 0.0344435 0.0621742
2 0.381204 0.367075 0.0316955 0.0565116
2 0.975018 0.415017 0.0349871 0.0557073
2 0.44672 0.325373 0.034018 0.0471264
2 0.847033 0.384387 0.0438137 0.0521562
4 0.939802 0.629189 0.021899 0.0833076
4 0.308718 0.420591 0.0184888 0.0633244
2 0.407625 0.291517 0.0271044 0.0394517
2 0.129794 0.85683 0.0876525 0.164383
2 0.543869 0.357611 0.0675278 0.0550857
2 0.952202 0.35963 0.0244141 0.0270457
4 0.142867 0.402029 0.0147159 0.0533219
4 0.16404 0.351114 0.0128001 0.0478891
4 0.423769 0.388979 0.0122869 0.0591709
2 0.125612 0.321281 0.0224643 0.0366106
4 0.401008 0.408005 0.0136917 0.069906
2 0.923514 0.414197 0.0248066 0.0382475
4 0.514187 0.388179 0.0145578 0.0499243
4 0.472492 0.387087 0.012645 0.0567374
2 0.369703 0.260651 0.0212134 0.0301394
