2 0.647791 0.376535 0.0361074 0.0610451
2 0.573177 0.354798 0.0395884 0.0681656
2 0.619137 0.348271 0.0312004 0.0602764
2 0.122023 0.541868 0.0591648 0.123472
2 0.822814 0.366543 0.0289566 0.0501556
2 0.224488 0.451076 0.0615754 0.073126
2 0.160293 0.489891 0.0592481 0.0801916
2 0.0244096 0.456661 0.0295656 0.0629648
2 0.698492 0.363791 0.0296917 0.0557406
2 0.902732 0.534716 0.0725693 0.175478
2 0.0670984 0.472163 0.0609402 0.11016
2 0.662562 0.34248 0.0289443 0.0465717
2 0.12643 0.439013 0.0450046 0.0584501
2 0.806942 0.303812 0.0189053 0.0338785
2 0.966882 0.86844 0.0662367 0.142134
2 0.148404 0.416532 0.0450015 0.053721
2 0.930424 0.445193 0.0603582 0.106167
2 0.684736 0.286231 0.0206692 0.0352977
2 0.785081 0.316207 0.0214898 0.0421607
2 0.845092 0.34451 0.0242582 0.0454673
2 0.0204269 0.444864 0.0357076 0.0855387
2 0.0925187 0.452035 0.0396392 0.0663731
2 0.640284 0.317918 0.03258 0.0526436
2 0.98485 0.734328 0.0299437 0.156064
2 0.826765 0.290491 0.0161388 0.0278499
2 0.0119798 0.39923 0.0239597 0.058024
4 0.296835 0.451834 0.0175156 0.0711733
2 0.0140505 0.421422 0.0277778 0.0532459
2 0.0874176 0.449923 0.0544402 0.0722715
2 0.703254 0.326428 0.0250517 0.0327761
2 0.0155736 0.414154 0.0309155 0.0577738
2 0.588767 0.288366 0.0293646 0.0374354
2 0.87307 0.323828 0.0233322 0.0362064
2 0.89552 0.362582 0.0434069 0.0716434
4 0.798205 0.474533 0.0175823 0.0935431
2 0.705015 0.310481 0.023408 0.0422277
2 0.0756727 0.468687 0.0506447 0.106323
2 0.0421381 0.41402 0.0377004 0.0407804
2 0.707565 0.297954 0.020825 0.0256155
2 0.0176714 0.425185 0.035217 0.0600874
4 0.00672346 0.599551 0.0129702 0.0976268
2 0.0152965 0.415316 0.030537 0.086248
4 0.434181 0.374666 0.0276986 0.0797375
2 0.0396862 0.436593 0.0493286 0.0898717
4 0.790861 0.462209 0.0269901 0.138367
4 0.431073 0.373002 0.0187935 0.0759904
2 0.0345107 0.445629 0.0514969 0.0838493
4 0.0504157 0.548534 0.0168174 0.0737944
4 0.00527555 0.582684 0.0102357 0.0953702
