2 0.381123 0.810897 0.179244 0.166711
2 0.273719 0.664993 0.204065 0.233511
2 0.758992 0.887151 0.183111 0.153506
2 0.640441 0.634098 0.0866266 0.0913549
2 0.386653 0.615406 0.109272 0.121974
2 0.123999 0.575751 0.0659301 0.126534
2 0.833881 0.695615 0.157578 0.183564
2 0.316816 0.553877 0.0844276 0.0848114
2 0.841627 0.551749 0.0494579 0.0696648
2 0.717425 0.636678 0.0820538 0.0995409
2 0.166278 0.553321 0.0455323 0.0775696
2 0.780939 0.573138 0.0570946 0.0747788
4 0.0764192 0.742744 0.0229932 0.100432
