2 0.39542 0.377609 0.0373926 0.0600358
2 0.353801 0.383706 0.0374557 0.0685408
2 0.928106 0.493339 0.0489769 0.0814213
2 0.465465 0.40072 0.0477185 0.0715768
2 0.313156 0.376237 0.0293641 0.0590374
2 0.803385 0.456243 0.0585186 0.0761187
2 0.379444 0.341507 0.0299291 0.0465365
2 0.412031 0.333339 0.035644 0.0593877
2 0.988452 0.416807 0.0230955 0.0580797
2 0.303325 0.340423 0.0264868 0.0446655
2 0.36753 0.318215 0.0241824 0.0381115
2 0.310814 0.365644 0.0293099 0.0393263
4 0.968208 0.583876 0.018918 0.0754897
2 0.342167 0.342648 0.0313326 0.0471085
2 0.912551 0.370643 0.0289282 0.0403177
4 0.209866 0.450052 0.0132757 0.073704
4 0.148676 0.468847 0.0176255 0.0798915
2 0.301098 0.334851 0.0265384 0.0553229
4 0.322855 0.424039 0.015796 0.077791
2 0.356762 0.296881 0.0242247 0.0374601
2 0.33982 0.33668 0.0328248 0.0459608
4 0.980539 0.582732 0.0146763 0.0762256
2 0.39101 0.292398 0.0361313 0.0493661
4 0.327004 0.423762 0.0216874 0.0808448
2 0.350251 0.327962 0.0263586 0.0532907
2 0.334165 0.324683 0.0267093 0.0431036
2 0.318756 0.282121 0.0213799 0.03081
4 0.2083 0.454018 0.0185576 0.077672
2 0.325246 0.297415 0.0209106 0.029326
4 0.975931 0.583703 0.0216549 0.0758829
2 0.384153 0.340002 0.036268 0.0567999
2 0.323641 0.293155 0.0235159 0.0337849
2 0.329661 0.313584 0.0232334 0.041019
2 0.316236 0.275891 0.0215065 0.0315722
