2 0.245025 0.537678 0.0833884 0.104887
2 0.160889 0.452723 0.0473523 0.0664242
2 0.0700314 0.463196 0.0377868 0.0552602
2 0.665512 0.64975 0.147763 0.14289
2 0.661692 0.359974 0.0356443 0.0602478
2 0.716765 0.404639 0.0428474 0.0816346
2 0.801937 0.443876 0.0450993 0.0752575
4 0.16723 0.613075 0.0269175 0.0945862
4 0.758362 0.586586 0.023847 0.0998016
4 0.437604 0.458495 0.0191404 0.0742636
4 0.866918 0.610954 0.025552 0.091788
4 0.949259 0.609149 0.025536 0.0938999
2 0.329354 0.858667 0.194429 0.197256
2 0.0353299 0.447312 0.0331351 0.0496875
4 0.196339 0.428619 0.0113137 0.0556905
4 0.541978 0.441875 0.0208568 0.0988418
4 0.756327 0.348126 0.0133667 0.0534447
4 0.112499 0.499862 0.0205111 0.0894647
4 0.233257 0.606626 0.0217809 0.0943508
4 0.732335 0.430232 0.0162269 0.0717524
4 0.610332 0.328879 0.0113682 0.0412031
4 0.81122 0.582916 0.0196836 0.11132
4 0.827918 0.589974 0.0179846 0.0902155
4 0.556529 0.458893 0.0158288 0.0704309
2 0.0382109 0.856752 0.0762703 0.17824
4 0.227514 0.408604 0.0120903 0.0415937
2 0.110507 0.437366 0.0435617 0.0506439
