2 0.35201 0.375675 0.0366293 0.0616402
2 0.879711 0.540941 0.056109 0.121423
2 0.123072 0.809094 0.0856251 0.205923
2 0.145783 0.455015 0.0401202 0.0750252
2 0.42707 0.356244 0.0405863 0.0683234
2 0.380554 0.347516 0.0304042 0.0612537
2 0.931796 0.475456 0.0660706 0.12501
2 0.337243 0.34301 0.0276532 0.0485206
2 0.775659 0.450986 0.0602478 0.0729443
2 0.843362 0.485828 0.0548647 0.0804474
2 0.0603466 0.467461 0.0645393 0.135237
2 0.875527 0.43863 0.0457123 0.0578575
2 0.301094 0.362808 0.0280185 0.0550952
2 0.851535 0.414918 0.0443548 0.0539355
2 0.19809 0.382588 0.0305652 0.0569822
2 0.974468 0.455679 0.0311459 0.0608534
2 0.457985 0.333374 0.0414602 0.0494137
2 0.347245 0.369843 0.0370583 0.053479
2 0.146517 0.337893 0.0241093 0.047668
2 0.0139237 0.693763 0.0278101 0.1309
2 0.186409 0.310834 0.0232622 0.0444055
2 0.297684 0.327797 0.0248224 0.0341753
2 0.983419 0.426991 0.0317886 0.0703267
2 0.907752 0.449423 0.0374542 0.0683729
2 0.359784 0.316772 0.030592 0.0533641
4 0.400931 0.414808 0.0133491 0.0659757
2 0.388731 0.273613 0.0207744 0.029507
2 0.97901 0.442213 0.036771 0.0901284
2 0.89824 0.445251 0.0335327 0.066956
2 0.291786 0.29821 0.0205248 0.0325492
2 0.21728 0.305776 0.0216252 0.0404372
4 0.61813 0.355208 0.0135727 0.0552441
2 0.923543 0.459179 0.0565939 0.092416
2 0.987336 0.404571 0.0246765 0.0561406
2 0.968166 0.41295 0.0345169 0.0424836
2 0.990985 0.388685 0.017514 0.03461
2 0.864649 0.422267 0.0357849 0.0531271
2 0.98996 0.393815 0.0195816 0.0448023
2 0.95889 0.411265 0.0342569 0.0382279
4 0.163678 0.539658 0.0246964 0.0887742
2 0.985607 0.412989 0.0267521 0.0789466
4 0.634391 0.364603 0.0109974 0.0547176
4 0.295123 0.460174 0.0207697 0.0766581
2 0.357793 0.305529 0.0329655 0.0420286
2 0.86742 0.380323 0.037085 0.0409066
3 0.16378 0.540349 0.0241163 0.0890467
2 0.293299 0.305819 0.0287091 0.0446302
4 0.740524 0.384842 0.014127 0.0505081
2 0.290841 0.290225 0.01948 0.0269486
2 0.962084 0.429624 0.0567062 0.0918208
4 0.22907 0.448719 0.0169754 0.0751589
2 0.374883 0.338586 0.0360402 0.0447841
