2 0.974958 0.858351 0.049448 0.169194
2 0.066838 0.459951 0.0372225 0.0609016
2 0.659904 0.342357 0.0316682 0.0547685
2 0.102531 0.437249 0.0377834 0.059168
2 0.222756 0.445903 0.0694998 0.0918408
2 0.822771 0.30997 0.0211685 0.0337862
2 0.835749 0.561933 0.054332 0.12632
2 0.903665 0.548287 0.0506935 0.0915537
2 0.805836 0.404545 0.0314544 0.0611476
2 0.794663 0.325303 0.0221344 0.0427445
2 0.832378 0.359853 0.0274517 0.0556929
2 0.14659 0.461265 0.0553768 0.0697403
2 0.864518 0.786194 0.0860517 0.185926
2 0.620358 0.35742 0.0340528 0.0794543
0 0.139479 0.61684 0.044314 0.0802301
2 0.56925 0.35282 0.0413839 0.0745071
2 0.696959 0.377933 0.0303728 0.0617614
2 0.865695 0.32928 0.0347706 0.0634586
2 0.0917479 0.49654 0.0400548 0.081596
2 0.0319521 0.387647 0.0398178 0.075616
2 0.227059 0.390283 0.0578782 0.0476218
2 0.67377 0.311637 0.0225765 0.0430169
2 0.810348 0.281669 0.0173744 0.0298172
2 0.780148 0.277353 0.0174977 0.0287369
2 0.0273218 0.410278 0.036122 0.0592603
2 0.69859 0.369723 0.0328932 0.080929
2 0.701883 0.344223 0.0255479 0.0457916
2 0.708677 0.314139 0.0253912 0.0358419
2 0.0758029 0.415454 0.0291073 0.0402626
2 0.691074 0.270277 0.0189708 0.0321303
2 0.699366 0.352771 0.0305518 0.0614691
2 0.0067839 0.399708 0.013501 0.0538591
4 0.599918 0.416018 0.0172366 0.0687664
4 0.518893 0.375573 0.0208281 0.0616269
4 0.0321131 0.544481 0.0180232 0.0911526
2 0.0708096 0.541974 0.0319703 0.0867475
2 0.0515899 0.437475 0.0361678 0.0397155
2 0.0758127 0.409367 0.0321961 0.0492258
4 0.00637358 0.571984 0.0125548 0.1038
2 0.810624 0.278534 0.0190689 0.0436132
