2 0.0958592 0.555138 0.0558903 0.109097
2 0.197979 0.454286 0.0609668 0.0732338
2 0.137751 0.475017 0.0506922 0.0858334
2 0.0827462 0.431783 0.0409551 0.0666971
2 0.957283 0.728974 0.0848234 0.183983
2 0.601957 0.365467 0.0363346 0.0580588
2 0.813908 0.374878 0.028804 0.0499684
2 0.0451205 0.466469 0.0347294 0.0652229
2 0.117578 0.408807 0.0420166 0.0544033
2 0.0702926 0.496177 0.0452225 0.0905243
2 0.820313 0.462824 0.0409065 0.0837976
2 0.831932 0.342831 0.0224148 0.0419323
2 0.693368 0.386436 0.0337469 0.0597624
4 0.535539 0.386503 0.0109193 0.0537629
2 0.663239 0.35865 0.0334507 0.0706921
2 0.0646158 0.372079 0.0409767 0.0572843
2 0.929587 0.433739 0.0572159 0.112433
2 0.878907 0.891804 0.0919334 0.102911
2 0.806723 0.3029 0.0222595 0.0541904
2 0.00944704 0.394505 0.0188701 0.0656205
4 0.01462 0.571931 0.0193892 0.0783063
2 0.706878 0.321301 0.0227188 0.0400329
2 0.044682 0.406651 0.0361706 0.0594259
2 0.011611 0.410673 0.0232093 0.050135
3 0.147876 0.533565 0.0247941 0.0727718
4 0.660829 0.431432 0.0141558 0.069894
0 0.762617 0.418234 0.0333574 0.0641702
4 0.612508 0.419888 0.0161601 0.0682142
2 0.703092 0.348398 0.0274944 0.0409288
2 0.0407332 0.413947 0.0401042 0.0721955
4 0.557604 0.396124 0.0123539 0.0496151
2 0.664451 0.330115 0.0296835 0.0460538
4 0.575824 0.447971 0.0196871 0.0772774
4 0.253768 0.395743 0.0147547 0.0512302
4 0.615194 0.420324 0.0150312 0.0673798
2 0.0123418 0.402002 0.0242386 0.0763531
4 0.700033 0.463922 0.0173632 0.0849673
0 0.482289 0.41623 0.0329809 0.0565262
2 0.0303818 0.422441 0.0497885 0.0634273
2 0.695991 0.270859 0.0179143 0.0253661
0 0.491219 0.422945 0.0372662 0.0678721
2 0.706381 0.327939 0.0252319 0.0510406
2 0.0551919 0.403588 0.0506447 0.0623611
4 0.320624 0.351551 0.0132508 0.0514379
2 0.875303 0.323637 0.0213261 0.0335332
