2 0.225919 0.678709 0.0983759 0.176667
2 0.423863 0.747961 0.135472 0.207868
2 0.144955 0.433963 0.039111 0.0619521
2 0.14955 0.517084 0.057166 0.093559
2 0.0683028 0.40312 0.0284303 0.0611615
2 0.333563 0.326642 0.0417632 0.0488165
2 0.706047 0.30883 0.0417221 0.0619008
2 0.0834714 0.533889 0.0478429 0.113563
2 0.405404 0.320463 0.0516608 0.0505055
2 0.568124 0.419839 0.0799032 0.0764391
2 0.110366 0.381196 0.0301749 0.0510214
2 0.678805 0.433874 0.0844824 0.0742355
2 0.425463 0.359458 0.0617162 0.0561791
2 0.263773 0.301989 0.0341795 0.0446145
2 0.746476 0.30263 0.0353161 0.045489
2 0.167138 0.276448 0.0222913 0.0312485
2 0.0478184 0.338254 0.0170025 0.0339195
2 0.219969 0.29334 0.027613 0.0352602
2 0.289848 0.291008 0.0215361 0.0384207
2 0.414311 0.338922 0.0536515 0.0831646
4 0.657852 0.302503 0.0124594 0.0391397
0 0.870184 0.393979 0.0275948 0.0552671
2 0.733015 0.237868 0.0291613 0.0341141
2 0.788838 0.260636 0.0252538 0.0359428
2 0.0462777 0.331705 0.0165213 0.0320945
