2 0.645649 0.635008 0.0971783 0.0920254
2 0.351465 0.691164 0.107768 0.139432
2 0.759139 0.88607 0.183063 0.157249
2 0.214747 0.546435 0.0545397 0.067287
2 0.124652 0.572951 0.0666457 0.126861
2 0.317053 0.561011 0.0854975 0.0996281
2 0.386889 0.610114 0.110448 0.109544
4 0.494846 0.628408 0.024205 0.0922623
2 0.733041 0.591083 0.0945086 0.0930987
2 0.84236 0.551094 0.0526495 0.0726106
2 0.837189 0.695796 0.153096 0.184514
4 0.161137 0.861876 0.0341888 0.140912
4 0.0608351 0.697997 0.0223901 0.095568
4 0.088981 0.686903 0.0247295 0.106671
4 0.130437 0.882762 0.0306479 0.116752
2 0.0873736 0.519378 0.0331754 0.0605009
2 0.769263 0.577053 0.0799486 0.0813942
4 0.0395829 0.743599 0.0222278 0.107821
