2 0.896147 0.408472 0.0374214 0.0588125
2 0.158835 0.494497 0.060334 0.0976085
2 0.43154 0.35227 0.0421337 0.0726117
1 0.648477 0.487288 0.360411 0.237068
2 0.340147 0.344173 0.0316458 0.0528387
2 0.921014 0.506292 0.0461109 0.0867491
2 0.380585 0.358914 0.0331671 0.0772769
2 0.960522 0.432132 0.0337099 0.0528364
2 0.914277 0.847423 0.0905399 0.182467
2 0.325782 0.311995 0.0251891 0.0421158
2 0.968788 0.378066 0.0279945 0.0469867
2 0.175996 0.308543 0.0231783 0.0402047
2 0.298842 0.347419 0.0282815 0.0520189
2 0.175481 0.389364 0.0291707 0.0596736
2 0.302199 0.370095 0.0327685 0.0786214
4 0.443928 0.420458 0.0207974 0.0687319
4 0.21887 0.425282 0.0144039 0.0628867
2 0.349707 0.297553 0.024412 0.0403363
4 0.355136 0.411023 0.0124012 0.0608155
2 0.364719 0.318433 0.0258232 0.042875
2 0.134572 0.321347 0.0384225 0.0413436
4 0.234925 0.423372 0.010995 0.0584568
2 0.366552 0.278858 0.0202449 0.0305079
2 0.298356 0.340071 0.0277064 0.0375353
0 0.444362 0.419977 0.0219884 0.0696177
2 0.182505 0.271858 0.0157642 0.0273722
2 0.356025 0.301066 0.0241994 0.0453963
2 0.292529 0.314012 0.0229787 0.0339731
2 0.317899 0.285337 0.022431 0.0271208
4 0.283498 0.435715 0.0153416 0.0709352
2 0.288693 0.288858 0.0176125 0.0286963
2 0.307259 0.272022 0.0193495 0.0306028
4 0.283651 0.438532 0.0214268 0.0751259
4 0.479456 0.373551 0.0170204 0.0587795
