2 0.66052 0.342416 0.0318661 0.0536368
2 0.538636 0.536245 0.110802 0.122245
2 0.619397 0.356698 0.0333834 0.0760171
2 0.0844098 0.546647 0.0599511 0.185881
2 0.569889 0.352382 0.040233 0.0764256
2 0.697456 0.377874 0.0311473 0.0612186
1 0.144554 0.418485 0.159531 0.14196
2 0.809715 0.329904 0.0222197 0.0400396
2 0.835131 0.408206 0.029641 0.0663418
2 0.635809 0.316396 0.0253643 0.0400399
2 0.0137615 0.412812 0.027523 0.0518062
2 0.674672 0.310003 0.0249363 0.0386497
2 0.651686 0.298717 0.0217978 0.037332
2 0.0819903 0.486212 0.0465081 0.0618912
4 0.767552 0.437113 0.0202655 0.0775097
2 0.701862 0.343398 0.0272683 0.0404888
2 0.699646 0.364971 0.0315258 0.0830231
2 0.036229 0.37546 0.0271365 0.0452835
2 0.672012 0.313631 0.0237081 0.0340017
2 0.0834953 0.505269 0.0530583 0.103823
4 0.380887 0.384158 0.0140471 0.0525842
1 0.478795 0.913183 0.21651 0.173634
2 0.875118 0.322647 0.0223352 0.0357226
2 0.708903 0.310557 0.0217194 0.0267447
4 0.782505 0.423661 0.0124336 0.0602947
0 0.644645 0.423921 0.0243671 0.0699295
4 0.618578 0.420033 0.0143103 0.0565116
4 0.509256 0.40666 0.0147028 0.062795
0 0.626892 0.430842 0.0266537 0.0634326
2 0.632063 0.324979 0.023076 0.0329813
4 0.647556 0.419586 0.0133245 0.0619847
4 0.766524 0.434271 0.0141207 0.0750454
2 0.76444 0.52225 0.107472 0.0934437
0 0.62141 0.429277 0.0187483 0.0659074
4 0.497489 0.408133 0.012717 0.0602022
4 0.564782 0.40611 0.0155071 0.0483593
0 0.647864 0.422291 0.0168329 0.0682517
4 0.650684 0.418825 0.0139215 0.0631179
2 0.887386 0.36361 0.0268152 0.0556132
2 0.682849 0.285151 0.0187447 0.0253876
2 0.701907 0.350193 0.0297647 0.0579595
2 0.0888483 0.560079 0.0510256 0.145234
2 0.711423 0.296707 0.0199539 0.0248155
4 0.505378 0.408424 0.0213554 0.0624854
