2 0.0956907 0.554664 0.0562938 0.109359
2 0.19769 0.454222 0.0606425 0.0729256
2 0.137399 0.475049 0.0510673 0.0865881
2 0.601476 0.368291 0.0392777 0.0642326
2 0.045292 0.466187 0.033749 0.0643965
2 0.787553 0.319309 0.024667 0.0404607
2 0.663654 0.357809 0.0356779 0.0745085
2 0.0825366 0.432417 0.0413372 0.0668439
2 0.837051 0.383196 0.0303728 0.0513046
2 0.9148 0.798964 0.0830761 0.202554
2 0.829333 0.334896 0.0238245 0.0422813
2 0.693005 0.386276 0.033849 0.0652637
2 0.0704267 0.49608 0.0447874 0.0905046
2 0.796694 0.363436 0.0269575 0.0544616
2 0.620586 0.339798 0.0301916 0.048072
2 0.635524 0.307634 0.0246313 0.0392597
4 0.236135 0.505369 0.0172568 0.0649538
2 0.0135867 0.417796 0.0268898 0.0513037
2 0.897378 0.379971 0.047477 0.0818937
2 0.1169 0.406986 0.0422545 0.0537071
2 0.819944 0.293842 0.0196581 0.0373122
3 0.147546 0.534077 0.0247991 0.0719778
4 0.380111 0.378273 0.0128609 0.0550355
2 0.703238 0.343554 0.0271801 0.0484111
2 0.675656 0.31291 0.0244164 0.0337659
2 0.0350795 0.391857 0.0279886 0.0436618
2 0.0212395 0.431752 0.0387413 0.052863
2 0.0455628 0.405208 0.035565 0.0531834
2 0.00911783 0.40115 0.0180458 0.0483193
2 0.70452 0.332455 0.0260485 0.0409593
4 0.911585 0.440681 0.0154709 0.051984
2 0.0749933 0.374586 0.0400372 0.0543166
2 0.638458 0.253095 0.027083 0.0375075
2 0.706954 0.327534 0.0251372 0.0397843
2 0.542339 0.333868 0.0495768 0.0551151
2 0.038704 0.398409 0.0308514 0.0502757
2 0.0108127 0.411865 0.0216253 0.060185
2 0.00720353 0.393732 0.0141537 0.0407837
2 0.709816 0.309756 0.0244938 0.04077
2 0.608297 0.364283 0.0515005 0.0655162
2 0.873603 0.32178 0.023007 0.0357663
2 0.0485934 0.412323 0.0338207 0.0501896
4 0.00603956 0.585745 0.0117111 0.102658
2 0.706863 0.313674 0.0270592 0.0479468
